1 2 4   4.00000037669E+003  4.99999991549E+001  0.00000000000E+000  3.76688395850E-004 -8.45134139229E-007
1 2 12   3.96000037686E+003  4.99999999498E+001  0.00000000000E+000  3.76863438565E-004 -5.01603666963E-008
1 2 13   3.92000037950E+003  4.99999991311E+001  0.00000000000E+000  3.79501789571E-004 -8.68871066217E-007
1 2 14   3.88000038739E+003  5.00000103979E+001  0.00000000000E+000  3.87394112471E-004  1.03979315879E-005
1 2 15   3.84000039379E+003  5.00000359884E+001  0.00000000000E+000  3.93785981824E-004  3.59884227898E-005
1 2 16   3.80000039952E+003  5.00000690448E+001  0.00000000000E+000  3.99516042726E-004  6.90447618175E-005
1 2 17   3.76000040430E+003  5.00001110606E+001  0.00000000000E+000  4.04302432291E-004  1.11060565239E-004
1 2 18   3.72000040818E+003  5.00001594955E+001  0.00000000000E+000  4.08176457164E-004  1.59495507962E-004
1 2 19   3.68000041158E+003  5.00002137046E+001  0.00000000000E+000  4.11584482935E-004  2.13704648644E-004
1 2 20   3.64000041464E+003  5.00002731543E+001  0.00000000000E+000  4.14638388687E-004  2.73154251448E-004
1 2 21   3.60000041738E+003  5.00003373489E+001  0.00000000000E+000  4.17379026256E-004  3.37348862988E-004
1 2 22   3.56000041983E+003  5.00004058112E+001  0.00000000000E+000  4.19830782476E-004  4.05811204017E-004
1 2 23   3.52000042202E+003  5.00004780886E+001  0.00000000000E+000  4.22021353178E-004  4.78088618946E-004
1 2 24   3.48000042401E+003  5.00005537762E+001  0.00000000000E+000  4.24009511656E-004  5.53776179544E-004
1 2 25   3.44000042601E+003  5.00006327453E+001  0.00000000000E+000  4.26007317831E-004  6.32745262500E-004
1 2 26   3.40000042831E+003  5.00007159876E+001  0.00000000000E+000  4.28313905304E-004  7.15987590341E-004
1 2 27   3.36000043015E+003  5.00008031159E+001  0.00000000000E+000  4.30153897784E-004  8.03115865359E-004
1 2 28   3.32000043208E+003  5.00008922161E+001  0.00000000000E+000  4.32078169301E-004  8.92216110104E-004
1 2 29   3.28000043290E+003  5.00009838466E+001  0.00000000000E+000  4.32896343414E-004  9.83846572275E-004
1 2 30   3.24000043341E+003  5.00010766533E+001  0.00000000000E+000  4.33406184784E-004  1.07665325469E-003
1 2 31   3.20000043368E+003  5.00011701699E+001  0.00000000000E+000  4.33684094977E-004  1.17016993521E-003
1 2 32   3.16000043376E+003  5.00012640413E+001  0.00000000000E+000  4.33760262205E-004  1.26404134224E-003
1 2 33   3.12000043365E+003  5.00013579509E+001  0.00000000000E+000  4.33648259870E-004  1.35795094688E-003
1 2 34   3.08000043336E+003  5.00014516017E+001  0.00000000000E+000  4.33358341951E-004  1.45160172247E-003
1 2 35   3.04000043290E+003  5.00015447123E+001  0.00000000000E+000  4.32899685418E-004  1.54471232044E-003
1 2 36   3.00000043228E+003  5.00016370158E+001  0.00000000000E+000  4.32281059083E-004  1.63701582436E-003
1 2 37   2.96000043151E+003  5.00017282592E+001  0.00000000000E+000  4.31511025458E-004  1.72825924462E-003
1 2 38   2.92000043060E+003  5.00018182032E+001  0.00000000000E+000  4.30598004311E-004  1.81820323517E-003
1 2 39   2.88000042955E+003  5.00019066219E+001  0.00000000000E+000  4.29550292770E-004  1.90662187996E-003
1 2 40   2.84000042838E+003  5.00019933025E+001  0.00000000000E+000  4.28376071708E-004  1.99330250138E-003
1 2 41   2.80000042708E+003  5.00020780455E+001  0.00000000000E+000  4.27083407790E-004  2.07804547577E-003
1 2 42   2.76000042568E+003  5.00021606641E+001  0.00000000000E+000  4.25680254190E-004  2.16066405108E-003
1 2 43   2.72000042417E+003  5.00022409842E+001  0.00000000000E+000  4.24174451032E-004  2.24098416519E-003
1 2 44   2.68000042257E+003  5.00023188443E+001  0.00000000000E+000  4.22573726202E-004  2.31884426446E-003
1 2 45   2.64000042089E+003  5.00023940951E+001  0.00000000000E+000  4.20885697720E-004  2.39409512199E-003
1 2 46   2.60000041912E+003  5.00024665997E+001  0.00000000000E+000  4.19117881164E-004  2.46659965515E-003
1 2 47   2.56000041728E+003  5.00025362327E+001  0.00000000000E+000  4.17277713077E-004  2.53623274043E-003
1 2 48   2.52000041537E+003  5.00026028810E+001  0.00000000000E+000  4.15372625299E-004  2.60288101703E-003
1 2 49   2.48000041341E+003  5.00026664426E+001  0.00000000000E+000  4.13410282554E-004  2.66644264936E-003
1 2 50   2.44000041140E+003  5.00027268264E+001  0.00000000000E+000  4.11399437570E-004  2.72682640701E-003
1 2 51   2.40000040935E+003  5.00027839510E+001  0.00000000000E+000  4.09352644661E-004  2.78395102481E-003
1 2 52   2.36000040732E+003  5.00028376090E+001  0.00000000000E+000  4.07317840515E-004  2.83760901327E-003
1 2 53   2.32000040533E+003  5.00028883434E+001  0.00000000000E+000  4.05328120246E-004  2.88834343999E-003
1 2 54   2.28000040198E+003  5.00029330488E+001  0.00000000000E+000  4.01984496461E-004  2.93304878766E-003
1 2 55   2.24000039825E+003  5.00029725014E+001  0.00000000000E+000  3.98254112812E-004  2.97250135025E-003
1 2 56   2.20000039439E+003  5.00030059151E+001  0.00000000000E+000  3.94393079233E-004  3.00591508459E-003
1 2 57   2.16000039042E+003  5.00030331106E+001  0.00000000000E+000  3.90416671723E-004  3.03311063280E-003
1 2 58   2.12000038645E+003  5.00030540002E+001  0.00000000000E+000  3.86450898327E-004  3.05400020343E-003
1 2 59   2.08000038250E+003  5.00030685601E+001  0.00000000000E+000  3.82496561781E-004  3.06856014498E-003
1 2 60   2.04000037857E+003  5.00030768040E+001  0.00000000000E+000  3.78565213341E-004  3.07680403530E-003
1 2 61   2.00000037467E+003  5.00030787748E+001  0.00000000000E+000  3.74667340400E-004  3.07877476337E-003
1 2 62   1.96000037081E+003  5.00030745339E+001  0.00000000000E+000  3.70813647855E-004  3.07453389713E-003
1 2 63   1.92000036701E+003  5.00030641605E+001  0.00000000000E+000  3.67014667556E-004  3.06416049906E-003
1 2 64   1.88000036328E+003  5.00030477504E+001  0.00000000000E+000  3.63280726544E-004  3.04775040042E-003
1 2 65   1.84000035962E+003  5.00030254158E+001  0.00000000000E+000  3.59621912786E-004  3.02541576271E-003
1 2 66   1.80000035605E+003  5.00029972847E+001  0.00000000000E+000  3.56048061454E-004  2.99728465794E-003
1 2 67   1.76000035257E+003  5.00029635006E+001  0.00000000000E+000  3.52568745835E-004  2.96350064899E-003
1 2 68   1.72000034919E+003  5.00029242224E+001  0.00000000000E+000  3.49193270450E-004  2.92422236176E-003
1 2 69   1.68000034593E+003  5.00028796230E+001  0.00000000000E+000  3.45930664999E-004  2.87962304831E-003
1 2 70   1.64000034279E+003  5.00028298901E+001  0.00000000000E+000  3.42789678746E-004  2.82989014098E-003
1 2 71   1.60000033978E+003  5.00027752248E+001  0.00000000000E+000  3.39778775186E-004  2.77522479786E-003
1 2 72   1.56000033691E+003  5.00027158414E+001  0.00000000000E+000  3.36906126961E-004  2.71584143984E-003
1 2 73   1.52000033418E+003  5.00026519673E+001  0.00000000000E+000  3.34179610993E-004  2.65196727964E-003
1 2 74   1.48000033161E+003  5.00025838418E+001  0.00000000000E+000  3.31606803854E-004  2.58384184322E-003
1 2 75   1.44000032919E+003  5.00025117165E+001  0.00000000000E+000  3.29194977356E-004  2.51171648392E-003
1 2 76   1.40000032695E+003  5.00024358539E+001  0.00000000000E+000  3.26951094378E-004  2.43585388971E-003
1 2 77   1.36000032488E+003  5.00023565276E+001  0.00000000000E+000  3.24881804926E-004  2.35652758394E-003
1 2 78   1.32000032299E+003  5.00022740214E+001  0.00000000000E+000  3.22993442442E-004  2.27402142008E-003
1 2 79   1.28000032129E+003  5.00021886291E+001  0.00000000000E+000  3.21292020359E-004  2.18862907065E-003
1 2 80   1.24000031978E+003  5.00021006535E+001  0.00000000000E+000  3.19783228911E-004  2.10065351108E-003
1 2 81   1.20000031847E+003  5.00020104065E+001  0.00000000000E+000  3.18472432213E-004  2.01040649860E-003
1 2 82   1.16000031736E+003  5.00019182080E+001  0.00000000000E+000  3.17364665610E-004  1.91820804686E-003
1 2 83   1.12000031646E+003  5.00018243859E+001  0.00000000000E+000  3.16464633310E-004  1.82438589663E-003
1 2 84   1.08000031578E+003  5.00017292750E+001  0.00000000000E+000  3.15776706299E-004  1.72927498305E-003
1 2 85   1.04000031530E+003  5.00016332169E+001  0.00000000000E+000  3.15304920568E-004  1.63321689997E-003
1 2 86   1.00000031505E+003  5.00015365594E+001  0.00000000000E+000  3.15052975636E-004  1.53655936183E-003
1 2 87   9.60000315024E+002  5.00014396557E+001  0.00000000000E+000  3.15024233399E-004  1.43965566359E-003
1 2 88   9.20000315222E+002  5.00013428641E+001  0.00000000000E+000  3.15221717296E-004  1.34286413936E-003
1 2 89   8.80000315648E+002  5.00012465476E+001  0.00000000000E+000  3.15648111825E-004  1.24654762011E-003
1 2 90   8.40000316306E+002  5.00011510729E+001  0.00000000000E+000  3.16305762392E-004  1.15107289105E-003
1 2 91   8.00000317197E+002  5.00010568101E+001  0.00000000000E+000  3.17196675523E-004  1.05681014942E-003
1 2 92   7.60000318323E+002  5.00009641325E+001  0.00000000000E+000  3.18322519435E-004  9.64132463055E-004
1 2 93   7.20000319685E+002  5.00008734152E+001  0.00000000000E+000  3.19684624992E-004  8.73415230445E-004
1 2 94   6.80000321284E+002  5.00007850356E+001  0.00000000000E+000  3.21283987041E-004  7.85035642876E-004
1 2 95   6.40000323121E+002  5.00006993721E+001  0.00000000000E+000  3.23121266186E-004  6.99372149299E-004
1 2 96   6.00000325197E+002  5.00006168039E+001  0.00000000000E+000  3.25196791049E-004  6.16803924548E-004
1 2 97   5.60000327511E+002  5.00005377103E+001  0.00000000000E+000  3.27510561238E-004  5.37710341631E-004
1 2 98   5.20000330062E+002  5.00004624704E+001  0.00000000000E+000  3.30062251544E-004  4.62470448925E-004
1 2 99   4.80000332851E+002  5.00003914625E+001  0.00000000000E+000  3.32851218931E-004  3.91462453452E-004
1 2 100   4.40000335877E+002  5.00003250632E+001  0.00000000000E+000  3.35876516528E-004  3.25063212348E-004
1 2 101   4.00000339137E+002  5.00002636477E+001  0.00000000000E+000  3.39136926734E-004  2.63647738547E-004
1 2 102   3.60000342631E+002  5.00002075887E+001  0.00000000000E+000  3.42631045845E-004  2.07588729825E-004
1 2 103   3.20000346358E+002  5.00001572562E+001  0.00000000000E+000  3.46357518300E-004  1.57256219116E-004
1 2 104   2.80000350316E+002  5.00001130172E+001  0.00000000000E+000  3.50315623349E-004  1.13017201960E-004
1 2 105   2.40000354507E+002  5.00000752393E+001  0.00000000000E+000  3.54507188781E-004  7.52393034866E-005
1 2 106   2.00000358939E+002  5.00000442834E+001  0.00000000000E+000  3.58938541697E-004  4.42833988913E-005
1 2 107   1.60000363642E+002  5.00000207247E+001  0.00000000000E+000  3.63641517919E-004  2.07247498223E-005
1 2 108   1.20000368407E+002  5.00000047097E+001  0.00000000000E+000  3.68406960668E-004  4.70968430818E-006
1 2 109   8.00003731674E+001  4.99999990159E+001  0.00000000000E+000  3.73167443383E-004 -9.84117990417E-007
1 2 110   4.00003744934E+001  5.00000000444E+001  0.00000000000E+000  3.74493378293E-004  4.43510115535E-008
1 2 5   3.74595421680E-004  4.99999995308E+001  0.00000000000E+000  3.74595421680E-004 -4.69179958089E-007
1 3 1   3.76214525335E-004  2.31877475274E-064  0.00000000000E+000  3.76214525335E-004  2.31877475274E-064
