1 2 4   4.00000037669E+003  4.99999991549E+001  0.00000000000E+000  3.76688395850E-004 -8.45134139229E-007
1 2 12   3.96000037686E+003  4.99999999498E+001  0.00000000000E+000  3.76863438565E-004 -5.01603666963E-008
1 2 13   3.92000037950E+003  4.99999991311E+001  0.00000000000E+000  3.79501789571E-004 -8.68871066217E-007
1 2 14   3.88000038739E+003  5.00000103979E+001  0.00000000000E+000  3.87394112471E-004  1.03979315879E-005
1 2 15   3.84000039379E+003  5.00000359884E+001  0.00000000000E+000  3.93785981824E-004  3.59884227898E-005
1 2 16   3.80000039952E+003  5.00000690448E+001  0.00000000000E+000  3.99516042726E-004  6.90447618175E-005
1 2 17   3.76000040430E+003  5.00001110606E+001  0.00000000000E+000  4.04302432291E-004  1.11060565239E-004
1 2 18   3.72000040818E+003  5.00001594955E+001  0.00000000000E+000  4.08176457164E-004  1.59495507962E-004
1 2 19   3.68000041158E+003  5.00002137046E+001  0.00000000000E+000  4.11584482935E-004  2.13704648644E-004
1 2 20   3.64000041464E+003  5.00002731543E+001  0.00000000000E+000  4.14638388687E-004  2.73154251448E-004
1 2 21   3.60000041738E+003  5.00003373489E+001  0.00000000000E+000  4.17379026256E-004  3.37348862988E-004
1 2 22   3.56000041983E+003  5.00004058112E+001  0.00000000000E+000  4.19830782476E-004  4.05811204017E-004
1 2 23   3.52000042202E+003  5.00004780886E+001  0.00000000000E+000  4.22021353178E-004  4.78088618946E-004
1 2 24   3.48000042401E+003  5.00005537762E+001  0.00000000000E+000  4.24009511656E-004  5.53776179544E-004
1 2 25   3.44000042601E+003  5.00006327453E+001  0.00000000000E+000  4.26007317831E-004  6.32745262500E-004
1 2 26   3.40000042831E+003  5.00007159876E+001  0.00000000000E+000  4.28313905304E-004  7.15987590341E-004
1 2 27   3.36000043015E+003  5.00008031159E+001  0.00000000000E+000  4.30153897784E-004  8.03115865359E-004
1 2 28   3.32000043208E+003  5.00008922161E+001  0.00000000000E+000  4.32078169301E-004  8.92216110104E-004
1 2 29   3.28000043290E+003  5.00009838466E+001  0.00000000000E+000  4.32896343414E-004  9.83846572275E-004
1 2 30   3.24000043341E+003  5.00010766533E+001  0.00000000000E+000  4.33406184784E-004  1.07665325469E-003
1 2 31   3.20000043368E+003  5.00011701699E+001  0.00000000000E+000  4.33684094977E-004  1.17016993521E-003
1 2 32   3.16000043376E+003  5.00012640413E+001  0.00000000000E+000  4.33760262205E-004  1.26404134224E-003
1 2 33   3.12000043365E+003  5.00013579509E+001  0.00000000000E+000  4.33648259870E-004  1.35795094688E-003
1 2 34   3.08000043336E+003  5.00014516017E+001  0.00000000000E+000  4.33358341951E-004  1.45160172247E-003
1 2 35   3.04000043290E+003  5.00015447123E+001  0.00000000000E+000  4.32899685418E-004  1.54471232044E-003
1 2 36   3.00000043228E+003  5.00016370158E+001  0.00000000000E+000  4.32281059083E-004  1.63701582436E-003
1 2 37   2.96000043151E+003  5.00017282592E+001  0.00000000000E+000  4.31511025458E-004  1.72825924462E-003
1 2 38   2.92000043060E+003  5.00018182032E+001  0.00000000000E+000  4.30598004311E-004  1.81820323517E-003
1 2 39   2.88000042955E+003  5.00019066219E+001  0.00000000000E+000  4.29550292770E-004  1.90662187996E-003
1 2 40   2.84000042838E+003  5.00019933025E+001  0.00000000000E+000  4.28376071708E-004  1.99330250138E-003
1 2 41   2.80000042708E+003  5.00020780455E+001  0.00000000000E+000  4.27083407790E-004  2.07804547577E-003
1 2 42   2.76000042568E+003  5.00021606641E+001  0.00000000000E+000  4.25680254190E-004  2.16066405108E-003
1 2 43   2.72000042417E+003  5.00022409842E+001  0.00000000000E+000  4.24174451032E-004  2.24098416519E-003
1 2 44   2.68000042257E+003  5.00023188443E+001  0.00000000000E+000  4.22573726202E-004  2.31884426446E-003
1 2 45   2.64000042089E+003  5.00023940951E+001  0.00000000000E+000  4.20885697720E-004  2.39409512199E-003
1 2 46   2.60000041912E+003  5.00024665997E+001  0.00000000000E+000  4.19117881164E-004  2.46659965515E-003
1 2 47   2.56000041728E+003  5.00025362327E+001  0.00000000000E+000  4.17277713077E-004  2.53623274043E-003
1 2 48   2.52000041537E+003  5.00026028810E+001  0.00000000000E+000  4.15372625299E-004  2.60288101703E-003
1 2 49   2.48000041341E+003  5.00026664426E+001  0.00000000000E+000  4.13410282554E-004  2.66644264936E-003
1 2 50   2.44000041140E+003  5.00027268264E+001  0.00000000000E+000  4.11399437570E-004  2.72682640701E-003
1 2 51   2.40000040935E+003  5.00027839510E+001  0.00000000000E+000  4.09352644661E-004  2.78395102481E-003
1 2 52   2.36000040732E+003  5.00028376090E+001  0.00000000000E+000  4.07317840515E-004  2.83760901327E-003
1 2 53   2.32000040533E+003  5.00028883434E+001  0.00000000000E+000  4.05328120246E-004  2.88834343999E-003
1 2 54   2.28000040198E+003  5.00029330488E+001  0.00000000000E+000  4.01984496461E-004  2.93304878766E-003
1 2 55   2.24000039825E+003  5.00029725014E+001  0.00000000000E+000  3.98254112812E-004  2.97250135025E-003
1 2 56   2.20000039439E+003  5.00030059151E+001  0.00000000000E+000  3.94393079233E-004  3.00591508459E-003
1 2 57   2.16000039042E+003  5.00030331106E+001  0.00000000000E+000  3.90416671723E-004  3.03311063280E-003
1 2 58   2.12000038645E+003  5.00030540002E+001  0.00000000000E+000  3.86450898327E-004  3.05400020343E-003
1 2 59   2.08000038250E+003  5.00030685601E+001  0.00000000000E+000  3.82496561781E-004  3.06856014498E-003
1 2 60   2.04000037857E+003  5.00030768040E+001  0.00000000000E+000  3.78565213341E-004  3.07680403530E-003
1 2 61   2.00000037467E+003  5.00030787748E+001  0.00000000000E+000  3.74667340400E-004  3.07877476337E-003
1 2 62   1.96000037081E+003  5.00030745339E+001  0.00000000000E+000  3.70813647855E-004  3.07453389713E-003
1 2 63   1.92000036701E+003  5.00030641605E+001  0.00000000000E+000  3.67014667556E-004  3.06416049906E-003
1 2 64   1.88000036328E+003  5.00030477504E+001  0.00000000000E+000  3.63280726544E-004  3.04775040042E-003
1 2 65   1.84000035962E+003  5.00030254158E+001  0.00000000000E+000  3.59621912786E-004  3.02541576271E-003
1 2 66   1.80000035605E+003  5.00029972847E+001  0.00000000000E+000  3.56048061454E-004  2.99728465794E-003
1 2 67   1.76000035257E+003  5.00029635006E+001  0.00000000000E+000  3.52568745835E-004  2.96350064899E-003
1 2 68   1.72000034919E+003  5.00029242224E+001  0.00000000000E+000  3.49193270450E-004  2.92422236176E-003
1 2 69   1.68000034593E+003  5.00028796230E+001  0.00000000000E+000  3.45930664999E-004  2.87962304831E-003
1 2 70   1.64000034279E+003  5.00028298901E+001  0.00000000000E+000  3.42789678746E-004  2.82989014098E-003
1 2 71   1.60000033978E+003  5.00027752248E+001  0.00000000000E+000  3.39778775186E-004  2.77522479786E-003
1 2 72   1.56000033691E+003  5.00027158414E+001  0.00000000000E+000  3.36906126961E-004  2.71584143984E-003
1 2 73   1.52000033418E+003  5.00026519673E+001  0.00000000000E+000  3.34179610993E-004  2.65196727964E-003
1 2 74   1.48000033161E+003  5.00025838418E+001  0.00000000000E+000  3.31606803854E-004  2.58384184322E-003
1 2 75   1.44000032919E+003  5.00025117165E+001  0.00000000000E+000  3.29194977356E-004  2.51171648392E-003
1 2 76   1.40000032695E+003  5.00024358539E+001  0.00000000000E+000  3.26951094378E-004  2.43585388971E-003
1 2 77   1.36000032488E+003  5.00023565276E+001  0.00000000000E+000  3.24881804926E-004  2.35652758394E-003
1 2 78   1.32000032299E+003  5.00022740214E+001  0.00000000000E+000  3.22993442442E-004  2.27402142008E-003
1 2 79   1.28000032129E+003  5.00021886291E+001  0.00000000000E+000  3.21292020359E-004  2.18862907065E-003
1 2 80   1.24000031978E+003  5.00021006535E+001  0.00000000000E+000  3.19783228911E-004  2.10065351108E-003
1 2 81   1.20000031847E+003  5.00020104065E+001  0.00000000000E+000  3.18472432213E-004  2.01040649860E-003
1 2 82   1.16000031736E+003  5.00019182080E+001  0.00000000000E+000  3.17364665610E-004  1.91820804686E-003
1 2 83   1.12000031646E+003  5.00018243859E+001  0.00000000000E+000  3.16464633310E-004  1.82438589663E-003
1 2 84   1.08000031578E+003  5.00017292750E+001  0.00000000000E+000  3.15776706299E-004  1.72927498305E-003
1 2 85   1.04000031530E+003  5.00016332169E+001  0.00000000000E+000  3.15304920568E-004  1.63321689997E-003
1 2 86   1.00000031505E+003  5.00015365594E+001  0.00000000000E+000  3.15052975636E-004  1.53655936183E-003
1 2 87   9.60000315024E+002  5.00014396557E+001  0.00000000000E+000  3.15024233399E-004  1.43965566359E-003
1 2 88   9.20000315222E+002  5.00013428641E+001  0.00000000000E+000  3.15221717296E-004  1.34286413936E-003
1 2 89   8.80000315648E+002  5.00012465476E+001  0.00000000000E+000  3.15648111825E-004  1.24654762011E-003
1 2 90   8.40000316306E+002  5.00011510729E+001  0.00000000000E+000  3.16305762392E-004  1.15107289105E-003
1 2 91   8.00000317197E+002  5.00010568101E+001  0.00000000000E+000  3.17196675523E-004  1.05681014942E-003
1 2 92   7.60000318323E+002  5.00009641325E+001  0.00000000000E+000  3.18322519435E-004  9.64132463055E-004
1 2 93   7.20000319685E+002  5.00008734152E+001  0.00000000000E+000  3.19684624992E-004  8.73415230445E-004
1 2 94   6.80000321284E+002  5.00007850356E+001  0.00000000000E+000  3.21283987041E-004  7.85035642876E-004
1 2 95   6.40000323121E+002  5.00006993721E+001  0.00000000000E+000  3.23121266186E-004  6.99372149299E-004
1 2 96   6.00000325197E+002  5.00006168039E+001  0.00000000000E+000  3.25196791049E-004  6.16803924548E-004
1 2 97   5.60000327511E+002  5.00005377103E+001  0.00000000000E+000  3.27510561238E-004  5.37710341631E-004
1 2 98   5.20000330062E+002  5.00004624704E+001  0.00000000000E+000  3.30062251544E-004  4.62470448925E-004
1 2 99   4.80000332851E+002  5.00003914625E+001  0.00000000000E+000  3.32851218931E-004  3.91462453452E-004
1 2 100   4.40000335877E+002  5.00003250632E+001  0.00000000000E+000  3.35876516528E-004  3.25063212348E-004
1 2 101   4.00000339137E+002  5.00002636477E+001  0.00000000000E+000  3.39136926734E-004  2.63647738547E-004
1 2 102   3.60000342631E+002  5.00002075887E+001  0.00000000000E+000  3.42631045845E-004  2.07588729825E-004
1 2 103   3.20000346358E+002  5.00001572562E+001  0.00000000000E+000  3.46357518300E-004  1.57256219116E-004
1 2 104   2.80000350316E+002  5.00001130172E+001  0.00000000000E+000  3.50315623349E-004  1.13017201960E-004
1 2 105   2.40000354507E+002  5.00000752393E+001  0.00000000000E+000  3.54507188781E-004  7.52393034866E-005
1 2 106   2.00000358939E+002  5.00000442834E+001  0.00000000000E+000  3.58938541697E-004  4.42833988913E-005
1 2 107   1.60000363642E+002  5.00000207247E+001  0.00000000000E+000  3.63641517919E-004  2.07247498223E-005
1 2 108   1.20000368407E+002  5.00000047097E+001  0.00000000000E+000  3.68406960668E-004  4.70968430818E-006
1 2 109   8.00003731674E+001  4.99999990159E+001  0.00000000000E+000  3.73167443383E-004 -9.84117990417E-007
1 2 110   4.00003744934E+001  5.00000000444E+001  0.00000000000E+000  3.74493378293E-004  4.43510115535E-008
1 2 5   3.74595421680E-004  4.99999995308E+001  0.00000000000E+000  3.74595421680E-004 -4.69179958089E-007
1 3 1   3.76214525335E-004  2.31877475274E-064  0.00000000000E+000  3.76214525335E-004  2.31877475274E-064
1 2 4   4.00000037669E+003  4.99999991549E+001  0.00000000000E+000  3.76688395850E-004 -8.45134139229E-007
1 2 12   3.96000037686E+003  4.99999999498E+001  0.00000000000E+000  3.76863438565E-004 -5.01603666963E-008
1 2 13   3.92000037950E+003  4.99999991311E+001  0.00000000000E+000  3.79501789571E-004 -8.68871066217E-007
1 2 14   3.88000038739E+003  5.00000103979E+001  0.00000000000E+000  3.87394112471E-004  1.03979315879E-005
1 2 15   3.84000039379E+003  5.00000359884E+001  0.00000000000E+000  3.93785981824E-004  3.59884227898E-005
1 2 16   3.80000039952E+003  5.00000690448E+001  0.00000000000E+000  3.99516042726E-004  6.90447618175E-005
1 2 17   3.76000040430E+003  5.00001110606E+001  0.00000000000E+000  4.04302432291E-004  1.11060565239E-004
1 2 18   3.72000040818E+003  5.00001594955E+001  0.00000000000E+000  4.08176457164E-004  1.59495507962E-004
1 2 19   3.68000041158E+003  5.00002137046E+001  0.00000000000E+000  4.11584482935E-004  2.13704648644E-004
1 2 20   3.64000041464E+003  5.00002731543E+001  0.00000000000E+000  4.14638388687E-004  2.73154251448E-004
1 2 21   3.60000041738E+003  5.00003373489E+001  0.00000000000E+000  4.17379026256E-004  3.37348862988E-004
1 2 22   3.56000041983E+003  5.00004058112E+001  0.00000000000E+000  4.19830782476E-004  4.05811204017E-004
1 2 23   3.52000042202E+003  5.00004780886E+001  0.00000000000E+000  4.22021353178E-004  4.78088618946E-004
1 2 24   3.48000042401E+003  5.00005537762E+001  0.00000000000E+000  4.24009511656E-004  5.53776179544E-004
1 2 25   3.44000042601E+003  5.00006327453E+001  0.00000000000E+000  4.26007317831E-004  6.32745262500E-004
1 2 26   3.40000042831E+003  5.00007159876E+001  0.00000000000E+000  4.28313905304E-004  7.15987590341E-004
1 2 27   3.36000043015E+003  5.00008031159E+001  0.00000000000E+000  4.30153897784E-004  8.03115865359E-004
1 2 28   3.32000043208E+003  5.00008922161E+001  0.00000000000E+000  4.32078169301E-004  8.92216110104E-004
1 2 29   3.28000043290E+003  5.00009838466E+001  0.00000000000E+000  4.32896343414E-004  9.83846572275E-004
1 2 30   3.24000043341E+003  5.00010766533E+001  0.00000000000E+000  4.33406184784E-004  1.07665325469E-003
1 2 31   3.20000043368E+003  5.00011701699E+001  0.00000000000E+000  4.33684094977E-004  1.17016993521E-003
1 2 32   3.16000043376E+003  5.00012640413E+001  0.00000000000E+000  4.33760262205E-004  1.26404134224E-003
1 2 33   3.12000043365E+003  5.00013579509E+001  0.00000000000E+000  4.33648259870E-004  1.35795094688E-003
1 2 34   3.08000043336E+003  5.00014516017E+001  0.00000000000E+000  4.33358341951E-004  1.45160172247E-003
1 2 35   3.04000043290E+003  5.00015447123E+001  0.00000000000E+000  4.32899685418E-004  1.54471232044E-003
1 2 36   3.00000043228E+003  5.00016370158E+001  0.00000000000E+000  4.32281059083E-004  1.63701582436E-003
1 2 37   2.96000043151E+003  5.00017282592E+001  0.00000000000E+000  4.31511025458E-004  1.72825924462E-003
1 2 38   2.92000043060E+003  5.00018182032E+001  0.00000000000E+000  4.30598004311E-004  1.81820323517E-003
1 2 39   2.88000042955E+003  5.00019066219E+001  0.00000000000E+000  4.29550292770E-004  1.90662187996E-003
1 2 40   2.84000042838E+003  5.00019933025E+001  0.00000000000E+000  4.28376071708E-004  1.99330250138E-003
1 2 41   2.80000042708E+003  5.00020780455E+001  0.00000000000E+000  4.27083407790E-004  2.07804547577E-003
1 2 42   2.76000042568E+003  5.00021606641E+001  0.00000000000E+000  4.25680254190E-004  2.16066405108E-003
1 2 43   2.72000042417E+003  5.00022409842E+001  0.00000000000E+000  4.24174451032E-004  2.24098416519E-003
1 2 44   2.68000042257E+003  5.00023188443E+001  0.00000000000E+000  4.22573726202E-004  2.31884426446E-003
1 2 45   2.64000042089E+003  5.00023940951E+001  0.00000000000E+000  4.20885697720E-004  2.39409512199E-003
1 2 46   2.60000041912E+003  5.00024665997E+001  0.00000000000E+000  4.19117881164E-004  2.46659965515E-003
1 2 47   2.56000041728E+003  5.00025362327E+001  0.00000000000E+000  4.17277713077E-004  2.53623274043E-003
1 2 48   2.52000041537E+003  5.00026028810E+001  0.00000000000E+000  4.15372625299E-004  2.60288101703E-003
1 2 49   2.48000041341E+003  5.00026664426E+001  0.00000000000E+000  4.13410282554E-004  2.66644264936E-003
1 2 50   2.44000041140E+003  5.00027268264E+001  0.00000000000E+000  4.11399437570E-004  2.72682640701E-003
1 2 51   2.40000040935E+003  5.00027839510E+001  0.00000000000E+000  4.09352644661E-004  2.78395102481E-003
1 2 52   2.36000040732E+003  5.00028376090E+001  0.00000000000E+000  4.07317840515E-004  2.83760901327E-003
1 2 53   2.32000040533E+003  5.00028883434E+001  0.00000000000E+000  4.05328120246E-004  2.88834343999E-003
1 2 54   2.28000040198E+003  5.00029330488E+001  0.00000000000E+000  4.01984496461E-004  2.93304878766E-003
1 2 55   2.24000039825E+003  5.00029725014E+001  0.00000000000E+000  3.98254112812E-004  2.97250135025E-003
1 2 56   2.20000039439E+003  5.00030059151E+001  0.00000000000E+000  3.94393079233E-004  3.00591508459E-003
1 2 57   2.16000039042E+003  5.00030331106E+001  0.00000000000E+000  3.90416671723E-004  3.03311063280E-003
1 2 58   2.12000038645E+003  5.00030540002E+001  0.00000000000E+000  3.86450898327E-004  3.05400020343E-003
1 2 59   2.08000038250E+003  5.00030685601E+001  0.00000000000E+000  3.82496561781E-004  3.06856014498E-003
1 2 60   2.04000037857E+003  5.00030768040E+001  0.00000000000E+000  3.78565213341E-004  3.07680403530E-003
1 2 61   2.00000037467E+003  5.00030787748E+001  0.00000000000E+000  3.74667340400E-004  3.07877476337E-003
1 2 62   1.96000037081E+003  5.00030745339E+001  0.00000000000E+000  3.70813647855E-004  3.07453389713E-003
1 2 63   1.92000036701E+003  5.00030641605E+001  0.00000000000E+000  3.67014667556E-004  3.06416049906E-003
1 2 64   1.88000036328E+003  5.00030477504E+001  0.00000000000E+000  3.63280726544E-004  3.04775040042E-003
1 2 65   1.84000035962E+003  5.00030254158E+001  0.00000000000E+000  3.59621912786E-004  3.02541576271E-003
1 2 66   1.80000035605E+003  5.00029972847E+001  0.00000000000E+000  3.56048061454E-004  2.99728465794E-003
1 2 67   1.76000035257E+003  5.00029635006E+001  0.00000000000E+000  3.52568745835E-004  2.96350064899E-003
1 2 68   1.72000034919E+003  5.00029242224E+001  0.00000000000E+000  3.49193270450E-004  2.92422236176E-003
1 2 69   1.68000034593E+003  5.00028796230E+001  0.00000000000E+000  3.45930664999E-004  2.87962304831E-003
1 2 70   1.64000034279E+003  5.00028298901E+001  0.00000000000E+000  3.42789678746E-004  2.82989014098E-003
1 2 71   1.60000033978E+003  5.00027752248E+001  0.00000000000E+000  3.39778775186E-004  2.77522479786E-003
1 2 72   1.56000033691E+003  5.00027158414E+001  0.00000000000E+000  3.36906126961E-004  2.71584143984E-003
1 2 73   1.52000033418E+003  5.00026519673E+001  0.00000000000E+000  3.34179610993E-004  2.65196727964E-003
1 2 74   1.48000033161E+003  5.00025838418E+001  0.00000000000E+000  3.31606803854E-004  2.58384184322E-003
1 2 75   1.44000032919E+003  5.00025117165E+001  0.00000000000E+000  3.29194977356E-004  2.51171648392E-003
1 2 76   1.40000032695E+003  5.00024358539E+001  0.00000000000E+000  3.26951094378E-004  2.43585388971E-003
1 2 77   1.36000032488E+003  5.00023565276E+001  0.00000000000E+000  3.24881804926E-004  2.35652758394E-003
1 2 78   1.32000032299E+003  5.00022740214E+001  0.00000000000E+000  3.22993442442E-004  2.27402142008E-003
1 2 79   1.28000032129E+003  5.00021886291E+001  0.00000000000E+000  3.21292020359E-004  2.18862907065E-003
1 2 80   1.24000031978E+003  5.00021006535E+001  0.00000000000E+000  3.19783228911E-004  2.10065351108E-003
1 2 81   1.20000031847E+003  5.00020104065E+001  0.00000000000E+000  3.18472432213E-004  2.01040649860E-003
1 2 82   1.16000031736E+003  5.00019182080E+001  0.00000000000E+000  3.17364665610E-004  1.91820804686E-003
1 2 83   1.12000031646E+003  5.00018243859E+001  0.00000000000E+000  3.16464633310E-004  1.82438589663E-003
1 2 84   1.08000031578E+003  5.00017292750E+001  0.00000000000E+000  3.15776706299E-004  1.72927498305E-003
1 2 85   1.04000031530E+003  5.00016332169E+001  0.00000000000E+000  3.15304920568E-004  1.63321689997E-003
1 2 86   1.00000031505E+003  5.00015365594E+001  0.00000000000E+000  3.15052975636E-004  1.53655936183E-003
1 2 87   9.60000315024E+002  5.00014396557E+001  0.00000000000E+000  3.15024233399E-004  1.43965566359E-003
1 2 88   9.20000315222E+002  5.00013428641E+001  0.00000000000E+000  3.15221717296E-004  1.34286413936E-003
1 2 89   8.80000315648E+002  5.00012465476E+001  0.00000000000E+000  3.15648111825E-004  1.24654762011E-003
1 2 90   8.40000316306E+002  5.00011510729E+001  0.00000000000E+000  3.16305762392E-004  1.15107289105E-003
1 2 91   8.00000317197E+002  5.00010568101E+001  0.00000000000E+000  3.17196675523E-004  1.05681014942E-003
1 2 92   7.60000318323E+002  5.00009641325E+001  0.00000000000E+000  3.18322519435E-004  9.64132463055E-004
1 2 93   7.20000319685E+002  5.00008734152E+001  0.00000000000E+000  3.19684624992E-004  8.73415230445E-004
1 2 94   6.80000321284E+002  5.00007850356E+001  0.00000000000E+000  3.21283987041E-004  7.85035642876E-004
1 2 95   6.40000323121E+002  5.00006993721E+001  0.00000000000E+000  3.23121266186E-004  6.99372149299E-004
1 2 96   6.00000325197E+002  5.00006168039E+001  0.00000000000E+000  3.25196791049E-004  6.16803924548E-004
1 2 97   5.60000327511E+002  5.00005377103E+001  0.00000000000E+000  3.27510561238E-004  5.37710341631E-004
1 2 98   5.20000330062E+002  5.00004624704E+001  0.00000000000E+000  3.30062251544E-004  4.62470448925E-004
1 2 99   4.80000332851E+002  5.00003914625E+001  0.00000000000E+000  3.32851218931E-004  3.91462453452E-004
1 2 100   4.40000335877E+002  5.00003250632E+001  0.00000000000E+000  3.35876516528E-004  3.25063212348E-004
1 2 101   4.00000339137E+002  5.00002636477E+001  0.00000000000E+000  3.39136926734E-004  2.63647738547E-004
1 2 102   3.60000342631E+002  5.00002075887E+001  0.00000000000E+000  3.42631045845E-004  2.07588729825E-004
1 2 103   3.20000346358E+002  5.00001572562E+001  0.00000000000E+000  3.46357518300E-004  1.57256219116E-004
1 2 104   2.80000350316E+002  5.00001130172E+001  0.00000000000E+000  3.50315623349E-004  1.13017201960E-004
1 2 105   2.40000354507E+002  5.00000752393E+001  0.00000000000E+000  3.54507188781E-004  7.52393034866E-005
1 2 106   2.00000358939E+002  5.00000442834E+001  0.00000000000E+000  3.58938541697E-004  4.42833988913E-005
1 2 107   1.60000363642E+002  5.00000207247E+001  0.00000000000E+000  3.63641517919E-004  2.07247498223E-005
1 2 108   1.20000368407E+002  5.00000047097E+001  0.00000000000E+000  3.68406960668E-004  4.70968430818E-006
1 2 109   8.00003731674E+001  4.99999990159E+001  0.00000000000E+000  3.73167443383E-004 -9.84117990417E-007
1 2 110   4.00003744934E+001  5.00000000444E+001  0.00000000000E+000  3.74493378293E-004  4.43510115535E-008
1 2 5   3.74595421680E-004  4.99999995308E+001  0.00000000000E+000  3.74595421680E-004 -4.69179958089E-007
1 3 1   3.76214525335E-004  2.31877475274E-064  0.00000000000E+000  3.76214525335E-004  2.31877475274E-064
1 2 4   4.00000002308E+003  4.99999994165E+001  0.00000000000E+000  2.30758661085E-005 -5.83540476902E-007
1 2 12   3.96000002320E+003  4.99999999667E+001  0.00000000000E+000  2.31987687995E-005 -3.32796278331E-008
1 2 13   3.92000002504E+003  4.99999993946E+001  0.00000000000E+000  2.50351747740E-005 -6.05397436937E-007
1 2 14   3.88000003053E+003  5.00000072961E+001  0.00000000000E+000  3.05271299876E-005  7.29614479463E-006
1 2 15   3.84000003492E+003  5.00000251297E+001  0.00000000000E+000  3.49208584763E-005  2.51297154163E-005
1 2 16   3.80000003877E+003  5.00000480506E+001  0.00000000000E+000  3.87692521868E-005  4.80505521739E-005
1 2 17   3.76000004189E+003  5.00000769161E+001  0.00000000000E+000  4.18932265613E-005  7.69161145567E-005
1 2 18   3.72000004434E+003  5.00001099196E+001  0.00000000000E+000  4.43422171124E-005  1.09919625817E-004
1 2 19   3.68000004642E+003  5.00001465298E+001  0.00000000000E+000  4.64211977309E-005  1.46529754557E-004
1 2 20   3.64000004821E+003  5.00001863006E+001  0.00000000000E+000  4.82094320194E-005  1.86300634254E-004
1 2 21   3.60000004974E+003  5.00002288168E+001  0.00000000000E+000  4.97376208234E-005  2.28816781254E-004
1 2 22   3.56000005102E+003  5.00002736797E+001  0.00000000000E+000  5.10240164767E-005  2.73679721174E-004
1 2 23   3.52000005209E+003  5.00003205104E+001  0.00000000000E+000  5.20854568594E-005  3.20510385238E-004
1 2 24   3.48000005295E+003  5.00003689568E+001  0.00000000000E+000  5.29480256021E-005  3.68956805947E-004
1 2 25   3.44000005369E+003  5.00004187754E+001  0.00000000000E+000  5.36887224268E-005  4.18775402423E-004
1 2 26   3.40000005442E+003  5.00004701271E+001  0.00000000000E+000  5.44194894948E-005  4.70127085994E-004
1 2 27   3.36000005476E+003  5.00005224434E+001  0.00000000000E+000  5.47553517547E-005  5.22443383694E-004
1 2 28   3.32000005501E+003  5.00005751460E+001  0.00000000000E+000  5.50118070148E-005  5.75145963182E-004
1 2 29   3.28000005491E+003  5.00006280970E+001  0.00000000000E+000  5.49104465388E-005  6.28097001129E-004
1 2 30   3.24000005463E+003  5.00006808032E+001  0.00000000000E+000  5.46333160102E-005  6.80803247895E-004
1 2 31   3.20000005420E+003  5.00007329897E+001  0.00000000000E+000  5.41969958295E-005  7.32989667391E-004
1 2 32   3.16000005361E+003  5.00007844071E+001  0.00000000000E+000  5.36144166241E-005  7.84407147461E-004
1 2 33   3.12000005290E+003  5.00008348254E+001  0.00000000000E+000  5.28954515326E-005  8.34825385930E-004
1 2 34   3.08000005205E+003  5.00008840294E+001  0.00000000000E+000  5.20492427398E-005  8.84029406421E-004
1 2 35   3.04000005108E+003  5.00009318187E+001  0.00000000000E+000  5.10846244584E-005  9.31818683709E-004
1 2 36   3.00000005001E+003  5.00009780067E+001  0.00000000000E+000  5.00102573143E-005  9.78006748212E-004
1 2 37   2.96000004883E+003  5.00010224209E+001  0.00000000000E+000  4.88346695511E-005  1.02242093854E-003
1 2 38   2.92000004757E+003  5.00010649022E+001  0.00000000000E+000  4.75662700640E-005  1.06490219930E-003
1 2 39   2.88000004621E+003  5.00011053049E+001  0.00000000000E+000  4.62133525297E-005  1.10530489314E-003
1 2 40   2.84000004478E+003  5.00011434966E+001  0.00000000000E+000  4.47840967224E-005  1.14349661743E-003
1 2 41   2.80000004329E+003  5.00011793580E+001  0.00000000000E+000  4.32865689486E-005  1.17935802225E-003
1 2 42   2.76000004173E+003  5.00012127826E+001  0.00000000000E+000  4.17287222378E-005  1.21278262892E-003
1 2 43   2.72000004012E+003  5.00012436766E+001  0.00000000000E+000  4.01183965718E-005  1.24367664858E-003
1 2 44   2.68000003846E+003  5.00012719588E+001  0.00000000000E+000  3.84633194855E-005  1.27195880086E-003
1 2 45   2.64000003677E+003  5.00012975601E+001  0.00000000000E+000  3.67711079260E-005  1.29756013222E-003
1 2 46   2.60000003505E+003  5.00013204238E+001  0.00000000000E+000  3.50492741007E-005  1.32042383377E-003
1 2 47   2.56000003331E+003  5.00013405051E+001  0.00000000000E+000  3.33052439256E-005  1.34050505689E-003
1 2 48   2.52000003155E+003  5.00013577707E+001  0.00000000000E+000  3.15464156251E-005  1.35777072007E-003
1 2 49   2.48000002978E+003  5.00013721993E+001  0.00000000000E+000  2.97803470515E-005  1.37219928308E-003
1 2 50   2.44000002802E+003  5.00013837800E+001  0.00000000000E+000  2.80154309897E-005  1.38377997691E-003
1 2 51   2.40000002626E+003  5.00013925123E+001  0.00000000000E+000  2.62630365528E-005  1.39251227013E-003
1 2 52   2.36000002456E+003  5.00013982970E+001  0.00000000000E+000  2.45626618687E-005  1.39829700590E-003
1 2 53   2.32000002294E+003  5.00014016393E+001  0.00000000000E+000  2.29411468475E-005  1.40163932573E-003
1 2 54   2.28000002027E+003  5.00014001146E+001  0.00000000000E+000  2.02688757811E-005  1.40011460000E-003
1 2 55   2.24000001736E+003  5.00013944564E+001  0.00000000000E+000  1.73636407904E-005  1.39445639827E-003
1 2 56   2.20000001444E+003  5.00013841574E+001  0.00000000000E+000  1.44434426237E-005  1.38415736115E-003
1 2 57   2.16000001153E+003  5.00013692271E+001  0.00000000000E+000  1.15268387207E-005  1.36922708290E-003
1 2 58   2.12000000871E+003  5.00013497429E+001  0.00000000000E+000  8.70982833194E-006  1.34974285793E-003
1 2 59   2.08000000600E+003  5.00013258338E+001  0.00000000000E+000  5.99520042332E-006  1.32583376235E-003
1 2 60   2.04000000339E+003  5.00012976614E+001  0.00000000000E+000  3.39414749085E-006  1.29766140110E-003
1 2 61   2.00000000092E+003  5.00012654137E+001  0.00000000000E+000  9.17020246559E-007  1.26541371576E-003
1 2 62   1.95999999857E+003  5.00012292966E+001  0.00000000000E+000 -1.42572442831E-006  1.22929664478E-003
1 2 63   1.91999999638E+003  5.00011895331E+001  0.00000000000E+000 -3.62384182161E-006  1.18953307366E-003
1 2 64   1.87999999433E+003  5.00011463621E+001  0.00000000000E+000 -5.66733115597E-006  1.14636213422E-003
1 2 65   1.83999999245E+003  5.00011000387E+001  0.00000000000E+000 -7.54646564035E-006  1.10003872192E-003
1 2 66   1.79999999075E+003  5.00010508330E+001  0.00000000000E+000 -9.25180530715E-006  1.05083302495E-003
1 2 67   1.75999998923E+003  5.00009990301E+001  0.00000000000E+000 -1.07742057652E-005  9.99030050728E-004
1 2 68   1.71999998790E+003  5.00009449291E+001  0.00000000000E+000 -1.21048250526E-005  9.44929143831E-004
1 2 69   1.67999998676E+003  5.00008888435E+001  0.00000000000E+000 -1.32351297421E-005  8.88843494570E-004
1 2 70   1.63999998584E+003  5.00008310996E+001  0.00000000000E+000 -1.41569006440E-005  8.31099638477E-004
1 2 71   1.59999998514E+003  5.00007720369E+001  0.00000000000E+000 -1.48622382278E-005  7.72036946918E-004
1 2 72   1.55999998466E+003  5.00007120071E+001  0.00000000000E+000 -1.53435678011E-005  7.12007109232E-004
1 2 73   1.51999998441E+003  5.00006513736E+001  0.00000000000E+000 -1.55936444556E-005  6.51373606735E-004
1 2 74   1.47999998439E+003  5.00005905112E+001  0.00000000000E+000 -1.56055577839E-005  5.90511179001E-004
1 2 75   1.43999998463E+003  5.00005298053E+001  0.00000000000E+000 -1.53727363714E-005  5.29805282803E-004
1 2 76   1.39999998511E+003  5.00004696515E+001  0.00000000000E+000 -1.48889520874E-005  4.69651544125E-004
1 2 77   1.35999998585E+003  5.00004104552E+001  0.00000000000E+000 -1.41483242558E-005  4.10455203640E-004
1 2 78   1.31999998685E+003  5.00003526306E+001  0.00000000000E+000 -1.31453239308E-005  3.52630556149E-004
1 2 79   1.27999998813E+003  5.00002966004E+001  0.00000000000E+000 -1.18747791005E-005  2.96600384103E-004
1 2 80   1.23999998967E+003  5.00002427954E+001  0.00000000000E+000 -1.03318821708E-005  2.42795389049E-004
1 2 81   1.19999999149E+003  5.00001916536E+001  0.00000000000E+000 -8.51221097611E-006  1.91653609331E-004
1 2 82   1.15999999359E+003  5.00001436200E+001  0.00000000000E+000 -6.41174567988E-006  1.43619998364E-004
1 2 83   1.11999999597E+003  5.00000991455E+001  0.00000000000E+000 -4.02718681541E-006  9.91455128274E-005
1 2 84   1.07999999864E+003  5.00000586943E+001  0.00000000000E+000 -1.35501282673E-006  5.86943041366E-005
1 2 85   1.04000000160E+003  5.00000227228E+001  0.00000000000E+000  1.59772912530E-006  2.27227580132E-005
1 2 86   1.00000000487E+003  4.99999920595E+001  0.00000000000E+000  4.87363622853E-006 -7.94052258895E-006
1 2 87   9.60000008067E+002  4.99999666705E+001  0.00000000000E+000  8.06691217281E-006 -3.33294580186E-005
1 2 88   9.20000010921E+002  4.99999462508E+001  0.00000000000E+000  1.09208964956E-005 -5.37492196915E-005
1 2 89   8.80000013534E+002  4.99999302083E+001  0.00000000000E+000  1.35341884462E-005 -6.97916728724E-005
1 2 90   8.40000015909E+002  4.99999181602E+001  0.00000000000E+000  1.59088390409E-005 -8.18398074618E-005
1 2 91   8.00000018053E+002  4.99999097295E+001  0.00000000000E+000  1.80526174111E-005 -9.02704969765E-005
1 2 92   7.60000019971E+002  4.99999045526E+001  0.00000000000E+000  1.99710969911E-005 -9.54474422105E-005
1 2 93   7.20000021670E+002  4.99999022745E+001  0.00000000000E+000  2.16697702812E-005 -9.77255222987E-005
1 2 94   6.80000023154E+002  4.99999025491E+001  0.00000000000E+000  2.31539257931E-005 -9.74509359499E-005
1 2 95   6.40000024429E+002  4.99999050385E+001  0.00000000000E+000  2.44286945386E-005 -9.49615266566E-005
1 2 96   6.00000025499E+002  4.99999094130E+001  0.00000000000E+000  2.54990497466E-005 -9.05870279856E-005
1 2 97   5.60000026370E+002  4.99999153507E+001  0.00000000000E+000  2.63698087834E-005 -8.46493122804E-005
1 2 98   5.20000027046E+002  4.99999225374E+001  0.00000000000E+000  2.70456339040E-005 -7.74626372343E-005
1 2 99   4.80000027531E+002  4.99999306661E+001  0.00000000000E+000  2.75310326376E-005 -6.93338913506E-005
1 2 100   4.40000027830E+002  4.99999394372E+001  0.00000000000E+000  2.78303569241E-005 -6.05628380649E-005
1 2 101   4.00000027948E+002  4.99999485576E+001  0.00000000000E+000  2.79477985383E-005 -5.14423593435E-005
1 2 102   3.60000027887E+002  4.99999577413E+001  0.00000000000E+000  2.78873740871E-005 -4.22587002034E-005
1 2 103   3.20000027653E+002  4.99999667083E+001  0.00000000000E+000  2.76528792159E-005 -3.32917346946E-005
1 2 104   2.80000027248E+002  4.99999751848E+001  0.00000000000E+000  2.72477705608E-005 -2.48152217963E-005
1 2 105   2.40000026675E+002  4.99999829021E+001  0.00000000000E+000  2.66747718576E-005 -1.70979323073E-005
1 2 106   2.00000025936E+002  4.99999895976E+001  0.00000000000E+000  2.59355054791E-005 -1.04024312415E-005
1 2 107   1.60000025026E+002  4.99999949664E+001  0.00000000000E+000  2.50261314916E-005 -5.03362905640E-006
1 2 108   1.20000023995E+002  4.99999987946E+001  0.00000000000E+000  2.39952925564E-005 -1.20540302191E-006
1 2 109   8.00000228677E+001  5.00000002324E+001  0.00000000000E+000  2.28677265270E-005  2.32437299656E-007
1 2 110   4.00000225515E+001  4.99999999925E+001  0.00000000000E+000  2.25514826703E-005 -7.50727293623E-009
1 2 5   2.25284074007E-005  5.00000001103E+001  0.00000000000E+000  2.25284074007E-005  1.10270412782E-007
1 3 1   2.21460103357E-005  1.23741268658E-060  0.00000000000E+000  2.21460103357E-005  1.23741268658E-060
1 2 4   3.99999997241E+003  4.99999997271E+001  0.00000000000E+000 -2.75878550456E-005 -2.72908578573E-007
1 2 12   3.95999997247E+003  4.99999999875E+001  0.00000000000E+000 -2.75266044749E-005 -1.25277187225E-008
1 2 13   3.91999997336E+003  4.99999997098E+001  0.00000000000E+000 -2.66437603800E-005 -2.90154149175E-007
1 2 14   3.87999997599E+003  5.00000035796E+001  0.00000000000E+000 -2.40071122336E-005  3.57961886138E-006
1 2 15   3.83999997803E+003  5.00000121710E+001  0.00000000000E+000 -2.19658043950E-005  1.21709996144E-005
1 2 16   3.79999997971E+003  5.00000230652E+001  0.00000000000E+000 -2.02922733998E-005  2.30652203371E-005
1 2 17   3.75999998095E+003  5.00000364493E+001  0.00000000000E+000 -1.90482239485E-005  3.64493244719E-005
1 2 18   3.71999998183E+003  5.00000514119E+001  0.00000000000E+000 -1.81741166006E-005  5.14119194458E-005
1 2 19   3.67999998247E+003  5.00000676020E+001  0.00000000000E+000 -1.75289798775E-005  6.76019635146E-005
1 2 20   3.63999998293E+003  5.00000847221E+001  0.00000000000E+000 -1.70715258712E-005  8.47221448697E-005
1 2 21   3.59999998322E+003  5.00001024968E+001  0.00000000000E+000 -1.67826393360E-005  1.02496751730E-004
1 2 22   3.55999998335E+003  5.00001206661E+001  0.00000000000E+000 -1.66502319871E-005  1.20666122423E-004
1 2 23   3.51999998333E+003  5.00001389855E+001  0.00000000000E+000 -1.66669050538E-005  1.38985488876E-004
1 2 24   3.47999998317E+003  5.00001572196E+001  0.00000000000E+000 -1.68341847403E-005  1.57219556103E-004
1 2 25   3.43999998281E+003  5.00001750972E+001  0.00000000000E+000 -1.71893571012E-005  1.75097165691E-004
1 2 26   3.39999998222E+003  5.00001921364E+001  0.00000000000E+000 -1.77812661271E-005  1.92136372070E-004
1 2 27   3.35999998139E+003  5.00002077894E+001  0.00000000000E+000 -1.86079904295E-005  2.07789366959E-004
1 2 28   3.31999998039E+003  5.00002225880E+001  0.00000000000E+000 -1.96080675993E-005  2.22587979962E-004
1 2 29   3.27999997967E+003  5.00002359386E+001  0.00000000000E+000 -2.03305884462E-005  2.35938552717E-004
1 2 30   3.23999997892E+003  5.00002481039E+001  0.00000000000E+000 -2.10794258585E-005  2.48103901778E-004
1 2 31   3.19999997812E+003  5.00002590324E+001  0.00000000000E+000 -2.18825562023E-005  2.59032366341E-004
1 2 32   3.15999997726E+003  5.00002686347E+001  0.00000000000E+000 -2.27403743932E-005  2.68634710055E-004
1 2 33   3.11999997635E+003  5.00002768252E+001  0.00000000000E+000 -2.36458888479E-005  2.76825153880E-004
1 2 34   3.07999997541E+003  5.00002835300E+001  0.00000000000E+000 -2.45908267315E-005  2.83529995854E-004
1 2 35   3.03999997443E+003  5.00002886890E+001  0.00000000000E+000 -2.55666221525E-005  2.88689026116E-004
1 2 36   2.99999997344E+003  5.00002922558E+001  0.00000000000E+000 -2.65646992023E-005  2.92255795751E-004
1 2 37   2.95999997242E+003  5.00002941976E+001  0.00000000000E+000 -2.75765564764E-005  2.94197571140E-004
1 2 38   2.91999997141E+003  5.00002944952E+001  0.00000000000E+000 -2.85937935952E-005  2.94495195224E-004
1 2 39   2.87999997039E+003  5.00002931429E+001  0.00000000000E+000 -2.96081195881E-005  2.93142919688E-004
1 2 40   2.83999996939E+003  5.00002901482E+001  0.00000000000E+000 -3.06113555507E-005  2.90148227942E-004
1 2 41   2.79999996840E+003  5.00002855317E+001  0.00000000000E+000 -3.15954354886E-005  2.85531655192E-004
1 2 42   2.75999996745E+003  5.00002793266E+001  0.00000000000E+000 -3.25524065832E-005  2.79326607584E-004
1 2 43   2.71999996653E+003  5.00002715792E+001  0.00000000000E+000 -3.34744292736E-005  2.71579181061E-004
1 2 44   2.67999996565E+003  5.00002623480E+001  0.00000000000E+000 -3.43537772730E-005  2.62347980116E-004
1 2 45   2.63999996482E+003  5.00002517039E+001  0.00000000000E+000 -3.51828375416E-005  2.51703936517E-004
1 2 46   2.59999996405E+003  5.00002397301E+001  0.00000000000E+000 -3.59541101794E-005  2.39730128013E-004
1 2 47   2.55999996334E+003  5.00002265216E+001  0.00000000000E+000 -3.66602080795E-005  2.26521596985E-004
1 2 48   2.51999996271E+003  5.00002121852E+001  0.00000000000E+000 -3.72938558078E-005  2.12185168854E-004
1 2 49   2.47999996215E+003  5.00001968393E+001  0.00000000000E+000 -3.78478859548E-005  1.96839269562E-004
1 2 50   2.43999996168E+003  5.00001806137E+001  0.00000000000E+000 -3.83152232175E-005  1.80613716698E-004
1 2 51   2.39999996131E+003  5.00001636496E+001  0.00000000000E+000 -3.86888380119E-005  1.63649555621E-004
1 2 52   2.35999996104E+003  5.00001460931E+001  0.00000000000E+000 -3.89606137609E-005  1.46093083420E-004
1 2 53   2.31999996087E+003  5.00001281392E+001  0.00000000000E+000 -3.91251898410E-005  1.28139179180E-004
1 2 54   2.27999996073E+003  5.00001097948E+001  0.00000000000E+000 -3.92699179193E-005  1.09794776353E-004
1 2 55   2.23999996076E+003  5.00000913808E+001  0.00000000000E+000 -3.92353233439E-005  9.13807839597E-005
1 2 56   2.19999996103E+003  5.00000731788E+001  0.00000000000E+000 -3.89714908316E-005  7.31788036753E-005
1 2 57   2.15999996154E+003  5.00000555870E+001  0.00000000000E+000 -3.84555691334E-005  5.55870458592E-005
1 2 58   2.11999996231E+003  5.00000390023E+001  0.00000000000E+000 -3.76899652676E-005  3.90022747441E-005
1 2 59   2.07999996334E+003  5.00000238376E+001  0.00000000000E+000 -3.66627817760E-005  2.38375617619E-005
1 2 60   2.03999996463E+003  5.00000105161E+001  0.00000000000E+000 -3.53700968043E-005  1.05161146963E-005
1 2 61   1.99999996626E+003  4.99999997167E+001  0.00000000000E+000 -3.37398729236E-005 -2.83262857236E-007
1 2 62   1.95999996792E+003  4.99999916289E+001  0.00000000000E+000 -3.20753992995E-005 -8.37107922082E-006
1 2 63   1.91999996934E+003  4.99999861637E+001  0.00000000000E+000 -3.06577413918E-005 -1.38363259824E-005
1 2 64   1.87999997059E+003  4.99999828233E+001  0.00000000000E+000 -2.94077608214E-005 -1.71767118325E-005
1 2 65   1.83999997168E+003  4.99999813422E+001  0.00000000000E+000 -2.83209204943E-005 -1.86577592553E-005
1 2 66   1.79999997261E+003  4.99999814653E+001  0.00000000000E+000 -2.73858311884E-005 -1.85347013310E-005
1 2 67   1.75999997341E+003  4.99999829577E+001  0.00000000000E+000 -2.65930288512E-005 -1.70422813577E-005
1 2 68   1.71999997407E+003  4.99999855998E+001  0.00000000000E+000 -2.59331169586E-005 -1.44001817756E-005
1 2 69   1.67999997460E+003  4.99999891868E+001  0.00000000000E+000 -2.53969355002E-005 -1.08131857701E-005
1 2 70   1.63999997502E+003  4.99999935284E+001  0.00000000000E+000 -2.49755205930E-005 -6.47160660913E-006
1 2 71   1.59999997534E+003  4.99999984484E+001  0.00000000000E+000 -2.46601114994E-005 -1.55160431651E-006
1 2 72   1.55999997556E+003  5.00000037845E+001  0.00000000000E+000 -2.44421540460E-005  3.78448584519E-006
1 2 73   1.51999997569E+003  5.00000093878E+001  0.00000000000E+000 -2.43133051344E-005  9.38781994554E-006
1 2 74   1.47999997573E+003  5.00000151227E+001  0.00000000000E+000 -2.42654370461E-005  1.51227045908E-005
1 2 75   1.43999997571E+003  5.00000208662E+001  0.00000000000E+000 -2.42906415763E-005  2.08662492551E-005
1 2 76   1.39999997562E+003  5.00000265080E+001  0.00000000000E+000 -2.43812339510E-005  2.65080120604E-005
1 2 77   1.35999997547E+003  5.00000319496E+001  0.00000000000E+000 -2.45297565194E-005  3.19496393878E-005
1 2 78   1.31999997527E+003  5.00000371045E+001  0.00000000000E+000 -2.47289822178E-005  3.71044997011E-005
1 2 79   1.27999997503E+003  5.00000418973E+001  0.00000000000E+000 -2.49719178028E-005  4.18973119661E-005
1 2 80   1.23999997475E+003  5.00000462638E+001  0.00000000000E+000 -2.52518068506E-005  4.62637690517E-005
1 2 81   1.19999997444E+003  5.00000501502E+001  0.00000000000E+000 -2.55621325207E-005  5.01501565015E-005
1 2 82   1.15999997410E+003  5.00000535130E+001  0.00000000000E+000 -2.58966200804E-005  5.35129670717E-005
1 2 83   1.11999997375E+003  5.00000563185E+001  0.00000000000E+000 -2.62492391883E-005  5.63185114302E-005
1 2 84   1.07999997339E+003  5.00000585425E+001  0.00000000000E+000 -2.66142059317E-005  5.85425254223E-005
1 2 85   1.03999997301E+003  5.00000601698E+001  0.00000000000E+000 -2.69859846163E-005  6.01697743093E-005
1 2 86   9.99999972641E+002  5.00000611937E+001  0.00000000000E+000 -2.73592893027E-005  6.11936543941E-005
1 2 87   9.59999972271E+002  5.00000616158E+001  0.00000000000E+000 -2.77290850872E-005  6.16157924531E-005
1 2 88   9.19999971909E+002  5.00000614456E+001  0.00000000000E+000 -2.80905891229E-005  6.14456433985E-005
1 2 89   8.79999971561E+002  5.00000607001E+001  0.00000000000E+000 -2.84392713755E-005  6.07000866022E-005
1 2 90   8.39999971229E+002  5.00000594030E+001  0.00000000000E+000 -2.87708551123E-005  5.94030213172E-005
1 2 91   7.99999970919E+002  5.00000575850E+001  0.00000000000E+000 -2.90813171186E-005  5.75849616402E-005
1 2 92   7.59999970633E+002  5.00000552826E+001  0.00000000000E+000 -2.93668876384E-005  5.52826314605E-005
1 2 93   7.19999970376E+002  5.00000525386E+001  0.00000000000E+000 -2.96240500355E-005  5.25385598509E-005
1 2 94   6.79999970150E+002  5.00000494007E+001  0.00000000000E+000 -2.98495401710E-005  4.94006773567E-005
1 2 95   6.39999969960E+002  5.00000459219E+001  0.00000000000E+000 -3.00403454918E-005  4.59219136460E-005
1 2 96   5.99999969806E+002  5.00000421598E+001  0.00000000000E+000 -3.01937038220E-005  4.21597969893E-005
1 2 97   5.59999969693E+002  5.00000381761E+001  0.00000000000E+000 -3.03071018391E-005  3.81760560421E-005
1 2 98   5.19999969622E+002  5.00000340362E+001  0.00000000000E+000 -3.03782731859E-005  3.40362244181E-005
1 2 99   4.79999969595E+002  5.00000298092E+001  0.00000000000E+000 -3.04051960907E-005  2.98092485695E-005
1 2 100   4.39999969614E+002  5.00000255671E+001  0.00000000000E+000 -3.03860901326E-005  2.55670995723E-005
1 2 101   3.99999969681E+002  5.00000213844E+001  0.00000000000E+000 -3.03194111361E-005  2.13843897433E-005
1 2 102   3.59999969796E+002  5.00000173380E+001  0.00000000000E+000 -3.02038414542E-005  1.73379952759E-005
1 2 103   3.19999969962E+002  5.00000135067E+001  0.00000000000E+000 -3.00382673468E-005  1.35066937807E-005
1 2 104   2.79999970178E+002  5.00000099708E+001  0.00000000000E+000 -2.98217264999E-005  9.97080460300E-006
1 2 105   2.39999970447E+002  5.00000068122E+001  0.00000000000E+000 -2.95532428865E-005  6.81218780840E-006
1 2 106   1.99999970768E+002  5.00000041133E+001  0.00000000000E+000 -2.92316684925E-005  4.11330232127E-006
1 2 107   1.59999971146E+002  5.00000019763E+001  0.00000000000E+000 -2.88539031936E-005  1.97632786271E-006
1 2 108   1.19999971562E+002  5.00000004685E+001  0.00000000000E+000 -2.84382363401E-005  4.68450465636E-007
1 2 109   7.99999720071E+001  4.99999999084E+001  0.00000000000E+000 -2.79928700392E-005 -9.15653364704E-008
1 2 110   3.99999721319E+001  5.00000000034E+001  0.00000000000E+000 -2.78680863623E-005  3.36323799649E-009
1 2 5  -2.78588225005E-005  4.99999999564E+001  0.00000000000E+000 -2.78588225005E-005 -4.35948423161E-008
1 3 9   3.33333056435E+001 -3.39220713422E-041  0.00000000000E+000 -2.76897320301E-005 -3.39220713422E-041
1 2 4   4.00000006815E+003  4.99999999006E+001  0.00000000000E+000  6.81536249664E-005 -9.94050547566E-008
1 2 12   3.96000006818E+003  5.00000000000E+001  0.00000000000E+000  6.81807747642E-005 -3.31951688484E-011
1 2 13   3.92000006853E+003  4.99999998890E+001  0.00000000000E+000  6.85293642946E-005 -1.11033356560E-007
1 2 14   3.88000006956E+003  5.00000014612E+001  0.00000000000E+000  6.95648290070E-005  1.46120426057E-006
1 2 15   3.84000007032E+003  5.00000048505E+001  0.00000000000E+000  7.03181337118E-005  4.85051891551E-006
1 2 16   3.80000007085E+003  5.00000090386E+001  0.00000000000E+000  7.08530182348E-005  9.03862745060E-006
1 2 17   3.76000007117E+003  5.00000139468E+001  0.00000000000E+000  7.11673758602E-005  1.39467787304E-005
1 2 18   3.72000007131E+003  5.00000191948E+001  0.00000000000E+000  7.13117847132E-005  1.91947971522E-005
1 2 19   3.68000007134E+003  5.00000245904E+001  0.00000000000E+000  7.13405918537E-005  2.45903636094E-005
1 2 20   3.64000007127E+003  5.00000299757E+001  0.00000000000E+000  7.12748376814E-005  2.99756688062E-005
1 2 21   3.60000007113E+003  5.00000352104E+001  0.00000000000E+000  7.11277650168E-005  3.52103618549E-005
1 2 22   3.56000007091E+003  5.00000401701E+001  0.00000000000E+000  7.09094516823E-005  4.01701484060E-005
1 2 23   3.52000007063E+003  5.00000447453E+001  0.00000000000E+000  7.06264405384E-005  4.47452608176E-005
1 2 24   3.48000007028E+003  5.00000488343E+001  0.00000000000E+000  7.02761131859E-005  4.88343345475E-005
1 2 25   3.44000006982E+003  5.00000522901E+001  0.00000000000E+000  6.98162791577E-005  5.22900755004E-005
1 2 26   3.40000006919E+003  5.00000547109E+001  0.00000000000E+000  6.91869105796E-005  5.47108905511E-005
1 2 27   3.36000006851E+003  5.00000558620E+001  0.00000000000E+000  6.85079821388E-005  5.58619896151E-005
1 2 28   3.32000006773E+003  5.00000562869E+001  0.00000000000E+000  6.77316210791E-005  5.62868894655E-005
1 2 29   3.28000006726E+003  5.00000556113E+001  0.00000000000E+000  6.72640081924E-005  5.56112948605E-005
1 2 30   3.24000006684E+003  5.00000541802E+001  0.00000000000E+000  6.68433799322E-005  5.41801933143E-005
1 2 31   3.20000006645E+003  5.00000520620E+001  0.00000000000E+000  6.64507256422E-005  5.20620232298E-005
1 2 32   3.16000006609E+003  5.00000493001E+001  0.00000000000E+000  6.60873706644E-005  4.93000806639E-005
1 2 33   3.12000006576E+003  5.00000459432E+001  0.00000000000E+000  6.57606306512E-005  4.59431765819E-005
1 2 34   3.08000006548E+003  5.00000420526E+001  0.00000000000E+000  6.54788692901E-005  4.20525715044E-005
1 2 35   3.04000006525E+003  5.00000377031E+001  0.00000000000E+000  6.52506799168E-005  3.77031189487E-005
1 2 36   3.00000006508E+003  5.00000329835E+001  0.00000000000E+000  6.50846470502E-005  3.29834635856E-005
1 2 37   2.96000006499E+003  5.00000279960E+001  0.00000000000E+000  6.49892748122E-005  2.79959748250E-005
1 2 38   2.92000006497E+003  5.00000228566E+001  0.00000000000E+000  6.49729644257E-005  2.28566016308E-005
1 2 39   2.88000006504E+003  5.00000176947E+001  0.00000000000E+000  6.50440070710E-005  1.76947026619E-005
1 2 40   2.84000006521E+003  5.00000126529E+001  0.00000000000E+000  6.52105815364E-005  1.26528686247E-005
1 2 41   2.80000006548E+003  5.00000078867E+001  0.00000000000E+000  6.54807532044E-005  7.88674218631E-006
1 2 42   2.76000006586E+003  5.00000035648E+001  0.00000000000E+000  6.58624728853E-005  3.56483720840E-006
1 2 43   2.72000006636E+003  4.99999998684E+001  0.00000000000E+000  6.63635737759E-005 -1.31641894532E-007
1 2 44   2.68000006699E+003  4.99999969910E+001  0.00000000000E+000  6.69917619784E-005 -3.00897932918E-006
1 2 45   2.64000006775E+003  4.99999951389E+001  0.00000000000E+000  6.77545851278E-005 -4.86111543291E-006
1 2 46   2.60000006866E+003  4.99999945303E+001  0.00000000000E+000  6.86593216517E-005 -5.46974384202E-006
1 2 47   2.56000006971E+003  4.99999953971E+001  0.00000000000E+000  6.97123719790E-005 -4.60292693542E-006
1 2 48   2.52000007092E+003  4.99999979898E+001  0.00000000000E+000  7.09164873665E-005 -2.01017971208E-006
1 2 49   2.48000007221E+003  5.00000028751E+001  0.00000000000E+000  7.22112508208E-005  2.87507363015E-006
1 2 50   2.44000007344E+003  5.00000100267E+001  0.00000000000E+000  7.34395299215E-005  1.00267115641E-005
1 2 51   2.40000007443E+003  5.00000190443E+001  0.00000000000E+000  7.44335508811E-005  1.90443446696E-005
1 2 52   2.36000007528E+003  5.00000296408E+001  0.00000000000E+000  7.52775061052E-005  2.96408117241E-005
1 2 53   2.32000007598E+003  5.00000414122E+001  0.00000000000E+000  7.59750128048E-005  4.14121723016E-005
1 2 54   2.28000007700E+003  5.00000551305E+001  0.00000000000E+000  7.69954926298E-005  5.51304629641E-005
1 2 55   2.24000007794E+003  5.00000702486E+001  0.00000000000E+000  7.79367523686E-005  7.02486474962E-005
1 2 56   2.20000007871E+003  5.00000867118E+001  0.00000000000E+000  7.87050174999E-005  8.67117952208E-005
1 2 57   2.16000007930E+003  5.00001042282E+001  0.00000000000E+000  7.93033234922E-005  1.04228226152E-004
1 2 58   2.12000007972E+003  5.00001225288E+001  0.00000000000E+000  7.97236582715E-005  1.22528833683E-004
1 2 59   2.08000007998E+003  5.00001413507E+001  0.00000000000E+000  7.99807646270E-005  1.41350654840E-004
1 2 60   2.04000008009E+003  5.00001604457E+001  0.00000000000E+000  8.00857007909E-005  1.60445659733E-004
1 2 61   2.00000008005E+003  5.00001795804E+001  0.00000000000E+000  8.00494132620E-005  1.79580448410E-004
1 2 62   1.96000007988E+003  5.00001985384E+001  0.00000000000E+000  7.98824991060E-005  1.98538352325E-004
1 2 63   1.92000007960E+003  5.00002171193E+001  0.00000000000E+000  7.95953418036E-005  2.17119293705E-004
1 2 64   1.88000007920E+003  5.00002351396E+001  0.00000000000E+000  7.91981247267E-005  2.35139574157E-004
1 2 65   1.84000007870E+003  5.00002524316E+001  0.00000000000E+000  7.87008366811E-005  2.52431586292E-004
1 2 66   1.80000007811E+003  5.00002688435E+001  0.00000000000E+000  7.81132691677E-005  2.68843509926E-004
1 2 67   1.76000007745E+003  5.00002842390E+001  0.00000000000E+000  7.74450116638E-005  2.84238995997E-004
1 2 68   1.72000007671E+003  5.00002984968E+001  0.00000000000E+000  7.67054462556E-005  2.98496840488E-004
1 2 69   1.68000007590E+003  5.00003115106E+001  0.00000000000E+000  7.59037422168E-005  3.11510648959E-004
1 2 70   1.64000007505E+003  5.00003231885E+001  0.00000000000E+000  7.50488507142E-005  3.23188492163E-004
1 2 71   1.60000007415E+003  5.00003334526E+001  0.00000000000E+000  7.41494997054E-005  3.33452553124E-004
1 2 72   1.56000007321E+003  5.00003422388E+001  0.00000000000E+000  7.32141890500E-005  3.42238766087E-004
1 2 73   1.52000007225E+003  5.00003494964E+001  0.00000000000E+000  7.22511858404E-005  3.49496447681E-004
1 2 74   1.48000007127E+003  5.00003551879E+001  0.00000000000E+000  7.12685199564E-005  3.55187920700E-004
1 2 75   1.44000007027E+003  5.00003592881E+001  0.00000000000E+000  7.02739798454E-005  3.59288130862E-004
1 2 76   1.40000006928E+003  5.00003617843E+001  0.00000000000E+000  6.92751085294E-005  3.61784256923E-004
1 2 77   1.36000006828E+003  5.00003626753E+001  0.00000000000E+000  6.82791998417E-005  3.62675314538E-004
1 2 78   1.32000006729E+003  5.00003619718E+001  0.00000000000E+000  6.72932948954E-005  3.61971754237E-004
1 2 79   1.28000006632E+003  5.00003596951E+001  0.00000000000E+000  6.63241787869E-005  3.59695053927E-004
1 2 80   1.24000006538E+003  5.00003558773E+001  0.00000000000E+000  6.53783775379E-005  3.55877306284E-004
1 2 81   1.20000006446E+003  5.00003505608E+001  0.00000000000E+000  6.44621552786E-005  3.50560801467E-004
1 2 82   1.16000006358E+003  5.00003437976E+001  0.00000000000E+000  6.35815116781E-005  3.43797605530E-004
1 2 83   1.12000006274E+003  5.00003356491E+001  0.00000000000E+000  6.27421796244E-005  3.35649134967E-004
1 2 84   1.08000006195E+003  5.00003261857E+001  0.00000000000E+000  6.19496231600E-005  3.26185727790E-004
1 2 85   1.04000006121E+003  5.00003154862E+001  0.00000000000E+000  6.12090356782E-005  3.15486211583E-004
1 2 86   1.00000006053E+003  5.00003036375E+001  0.00000000000E+000  6.05253383837E-005  3.03637468957E-004
1 2 87   9.60000059903E+002  5.00002907340E+001  0.00000000000E+000  5.99031790245E-005  2.90734000841E-004
1 2 88   9.20000059347E+002  5.00002768775E+001  0.00000000000E+000  5.93469308996E-005  2.76877488080E-004
1 2 89   8.80000058861E+002  5.00002621764E+001  0.00000000000E+000  5.88606921479E-005  2.62176351774E-004
1 2 90   8.40000058448E+002  5.00002467453E+001  0.00000000000E+000  5.84482853241E-005  2.46745312842E-004
1 2 91   8.00000058113E+002  5.00002307050E+001  0.00000000000E+000  5.81132572662E-005  2.30704951273E-004
1 2 92   7.60000057859E+002  5.00002141813E+001  0.00000000000E+000  5.78588792613E-005  2.14181265558E-004
1 2 93   7.20000057688E+002  5.00001973052E+001  0.00000000000E+000  5.76881475129E-005  1.97305232770E-004
1 2 94   6.80000057604E+002  5.00001802124E+001  0.00000000000E+000  5.76037839201E-005  1.80212369819E-004
1 2 95   6.40000057608E+002  5.00001630423E+001  0.00000000000E+000  5.76082371748E-005  1.63042296355E-004
1 2 96   6.00000057704E+002  5.00001459383E+001  0.00000000000E+000  5.77036842021E-005  1.45938299853E-004
1 2 97   5.60000057892E+002  5.00001290469E+001  0.00000000000E+000  5.78920319938E-005  1.29046903394E-004
1 2 98   5.20000058175E+002  5.00001125174E+001  0.00000000000E+000  5.81749199779E-005  1.12517436713E-004
1 2 99   4.80000058554E+002  5.00000965016E+001  0.00000000000E+000  5.85537233177E-005  9.65016111696E-005
1 2 100   4.40000059030E+002  5.00000811531E+001  0.00000000000E+000  5.90295582347E-005  8.11530995235E-005
1 2 101   4.00000059603E+002  5.00000666271E+001  0.00000000000E+000  5.96032924541E-005  6.66271224259E-005
1 2 102   3.60000060276E+002  5.00000530800E+001  0.00000000000E+000  6.02755691065E-005  5.30800443205E-005
1 2 103   3.20000061047E+002  5.00000406690E+001  0.00000000000E+000  6.10468692949E-005  4.06690044998E-005
1 2 104   2.80000061918E+002  5.00000295515E+001  0.00000000000E+000  6.19176652136E-005  2.95515461851E-005
1 2 105   2.40000062889E+002  5.00000198863E+001  0.00000000000E+000  6.28889147897E-005  1.98863025664E-005
1 2 106   2.00000063963E+002  5.00000118308E+001  0.00000000000E+000  6.39625536362E-005  1.18308328788E-005
1 2 107   1.60000065147E+002  5.00000055991E+001  0.00000000000E+000  6.51468981272E-005  5.59908469662E-006
1 2 108   1.20000066387E+002  5.00000012958E+001  0.00000000000E+000  6.63871695182E-005  1.29577115652E-006
1 2 109   8.00000676628E+001  4.99999997368E+001  0.00000000000E+000  6.76627671941E-005 -2.63173915804E-007
1 2 110   4.00000680189E+001  5.00000000109E+001  0.00000000000E+000  6.80189350497E-005  1.08894362699E-008
1 2 5   6.80459188489E-005  4.99999998746E+001  0.00000000000E+000  6.80459188489E-005 -1.25365629223E-007
1 3 1   6.84793928955E-005 -1.96078769662E-051  0.00000000000E+000  6.84793928955E-005 -1.96078769662E-051
1 2 4   4.00000020067E+003  5.00000000859E+001  0.00000000000E+000  2.00672323724E-004  8.58709355668E-008
1 2 12   3.96000020066E+003  5.00000000152E+001  0.00000000000E+000  2.00663745025E-004  1.51593135576E-008
1 2 13   3.92000020044E+003  5.00000000865E+001  0.00000000000E+000  2.00438466957E-004  8.64693975585E-008
1 2 14   3.88000019975E+003  4.99999991119E+001  0.00000000000E+000  1.99751100491E-004 -8.88075312666E-007
1 2 15   3.84000019918E+003  4.99999968646E+001  0.00000000000E+000  1.99182131638E-004 -3.13537369312E-006
1 2 16   3.80000019866E+003  4.99999939149E+001  0.00000000000E+000  1.98656992238E-004 -6.08514026867E-006
1 2 17   3.76000019823E+003  4.99999901226E+001  0.00000000000E+000  1.98225003497E-004 -9.87743468933E-006
1 2 18   3.72000019790E+003  4.99999857385E+001  0.00000000000E+000  1.97897267228E-004 -1.42614872158E-005
1 2 19   3.68000019765E+003  4.99999808587E+001  0.00000000000E+000  1.97645824518E-004 -1.91413112180E-005
1 2 20   3.64000019747E+003  4.99999755900E+001  0.00000000000E+000  1.97472068100E-004 -2.44099949727E-005
1 2 21   3.60000019738E+003  4.99999700540E+001  0.00000000000E+000  1.97384195930E-004 -2.99460264317E-005
1 2 22   3.56000019739E+003  4.99999643893E+001  0.00000000000E+000  1.97393072279E-004 -3.56107199200E-005
1 2 23   3.52000019751E+003  4.99999587532E+001  0.00000000000E+000  1.97513369478E-004 -4.12468454553E-005
1 2 24   3.48000019777E+003  4.99999533281E+001  0.00000000000E+000  1.97770645497E-004 -4.66719410762E-005
1 2 25   3.44000019824E+003  4.99999483842E+001  0.00000000000E+000  1.98238145929E-004 -5.16158480445E-005
1 2 26   3.40000019900E+003  4.99999445055E+001  0.00000000000E+000  1.99004900449E-004 -5.54945361685E-005
1 2 27   3.36000020012E+003  4.99999424088E+001  0.00000000000E+000  2.00116165771E-004 -5.75912021317E-005
1 2 28   3.32000020147E+003  4.99999414043E+001  0.00000000000E+000  2.01473985955E-004 -5.85956737360E-005
1 2 29   3.28000020251E+003  4.99999423226E+001  0.00000000000E+000  2.02511017199E-004 -5.76774345518E-005
1 2 30   3.24000020365E+003  4.99999448998E+001  0.00000000000E+000  2.03652457546E-004 -5.51002451662E-005
1 2 31   3.20000020496E+003  4.99999493230E+001  0.00000000000E+000  2.04958164024E-004 -5.06769700529E-005
1 2 32   3.16000020645E+003  4.99999558658E+001  0.00000000000E+000  2.06449972746E-004 -4.41342282258E-005
1 2 33   3.12000020814E+003  4.99999648310E+001  0.00000000000E+000  2.08139199197E-004 -3.51690120477E-005
1 2 34   3.08000021003E+003  4.99999765414E+001  0.00000000000E+000  2.10034114192E-004 -2.34586409361E-005
1 2 35   3.04000021214E+003  4.99999913441E+001  0.00000000000E+000  2.12137391106E-004 -8.65590295253E-006
1 2 36   3.00000021436E+003  5.00000100299E+001  0.00000000000E+000  2.14362671257E-004  1.00298508716E-005
1 2 37   2.96000021649E+003  5.00000325511E+001  0.00000000000E+000  2.16487723406E-004  3.25511444872E-005
1 2 38   2.92000021828E+003  5.00000583302E+001  0.00000000000E+000  2.18276891399E-004  5.83301707995E-005
1 2 39   2.88000021986E+003  5.00000868874E+001  0.00000000000E+000  2.19864637632E-004  8.68873615043E-005
1 2 40   2.84000022126E+003  5.00001179037E+001  0.00000000000E+000  2.21262787209E-004  1.17903681231E-004
1 2 41   2.80000022248E+003  5.00001510790E+001  0.00000000000E+000  2.22480381148E-004  1.51079040709E-004
1 2 42   2.76000022353E+003  5.00001861274E+001  0.00000000000E+000  2.23525508698E-004  1.86127390065E-004
1 2 43   2.72000022441E+003  5.00002227755E+001  0.00000000000E+000  2.24406046651E-004  2.22775530506E-004
1 2 44   2.68000022513E+003  5.00002607628E+001  0.00000000000E+000  2.25129732410E-004  2.60762813276E-004
1 2 45   2.64000022570E+003  5.00002998409E+001  0.00000000000E+000  2.25704183383E-004  2.99840928703E-004
1 2 46   2.60000022614E+003  5.00003397737E+001  0.00000000000E+000  2.26136903681E-004  3.39773716447E-004
1 2 47   2.56000022644E+003  5.00003803370E+001  0.00000000000E+000  2.26435290677E-004  3.80336980868E-004
1 2 48   2.52000022661E+003  5.00004213183E+001  0.00000000000E+000  2.26606651294E-004  4.21318305785E-004
1 2 49   2.48000022666E+003  5.00004625169E+001  0.00000000000E+000  2.26658252617E-004  4.62516861273E-004
1 2 50   2.44000022660E+003  5.00005037431E+001  0.00000000000E+000  2.26597501639E-004  5.03743076319E-004
1 2 51   2.40000022643E+003  5.00005448183E+001  0.00000000000E+000  2.26432517886E-004  5.44818346150E-004
1 2 52   2.36000022618E+003  5.00005855484E+001  0.00000000000E+000  2.26178406313E-004  5.85548440031E-004
1 2 53   2.32000022585E+003  5.00006258900E+001  0.00000000000E+000  2.25848548405E-004  6.25890023059E-004
1 2 54   2.28000022520E+003  5.00006651260E+001  0.00000000000E+000  2.25197067546E-004  6.65125956415E-004
1 2 55   2.24000022434E+003  5.00007032082E+001  0.00000000000E+000  2.24343166140E-004  7.03208183684E-004
1 2 56   2.20000022333E+003  5.00007397933E+001  0.00000000000E+000  2.23326322946E-004  7.39793287668E-004
1 2 57   2.16000022215E+003  5.00007746222E+001  0.00000000000E+000  2.22154004585E-004  7.74622207368E-004
1 2 58   2.12000022087E+003  5.00008074856E+001  0.00000000000E+000  2.20870019161E-004  8.07485562199E-004
1 2 59   2.08000021948E+003  5.00008382025E+001  0.00000000000E+000  2.19483776946E-004  8.38202508196E-004
1 2 60   2.04000021801E+003  5.00008666157E+001  0.00000000000E+000  2.18006539384E-004  8.66615740749E-004
1 2 61   2.00000021645E+003  5.00008925882E+001  0.00000000000E+000  2.16449087563E-004  8.92588245927E-004
1 2 62   1.96000021482E+003  5.00009160005E+001  0.00000000000E+000  2.14822071545E-004  9.16000506662E-004
1 2 63   1.92000021314E+003  5.00009367500E+001  0.00000000000E+000  2.13135944994E-004  9.36749963521E-004
1 2 64   1.88000021140E+003  5.00009547506E+001  0.00000000000E+000  2.11400961675E-004  9.54750608969E-004
1 2 65   1.84000020963E+003  5.00009699326E+001  0.00000000000E+000  2.09627165843E-004  9.69932644878E-004
1 2 66   1.80000020782E+003  5.00009822421E+001  0.00000000000E+000  2.07824385334E-004  9.82242137778E-004
1 2 67   1.76000020600E+003  5.00009916407E+001  0.00000000000E+000  2.06002225194E-004  9.91640666635E-004
1 2 68   1.72000020417E+003  5.00009981050E+001  0.00000000000E+000  2.04170061737E-004  9.98104961296E-004
1 2 69   1.68000020234E+003  5.00010016265E+001  0.00000000000E+000  2.02337036893E-004  1.00162653173E-003
1 2 70   1.64000020051E+003  5.00010022113E+001  0.00000000000E+000  2.00512052794E-004  1.00221128829E-003
1 2 71   1.60000019870E+003  5.00009998792E+001  0.00000000000E+000  1.98703766592E-004  9.99879153439E-004
1 2 72   1.56000019692E+003  5.00009946637E+001  0.00000000000E+000  1.96920585499E-004  9.94663665206E-004
1 2 73   1.52000019517E+003  5.00009866116E+001  0.00000000000E+000  1.95170662052E-004  9.86611572792E-004
1 2 74   1.48000019346E+003  5.00009757824E+001  0.00000000000E+000  1.93461889596E-004  9.75782424719E-004
1 2 75   1.44000019180E+003  5.00009622481E+001  0.00000000000E+000  1.91801898002E-004  9.62248149840E-004
1 2 76   1.40000019020E+003  5.00009460926E+001  0.00000000000E+000  1.90198049603E-004  9.46092631644E-004
1 2 77   1.36000018866E+003  5.00009274113E+001  0.00000000000E+000  1.88657435372E-004  9.27411276200E-004
1 2 78   1.32000018719E+003  5.00009063106E+001  0.00000000000E+000  1.87186871327E-004  9.06310574156E-004
1 2 79   1.28000018579E+003  5.00008829077E+001  0.00000000000E+000  1.85792895178E-004  8.82907657181E-004
1 2 80   1.24000018448E+003  5.00008573298E+001  0.00000000000E+000  1.84481763222E-004  8.57329849241E-004
1 2 81   1.20000018326E+003  5.00008297142E+001  0.00000000000E+000  1.83259447482E-004  8.29714213151E-004
1 2 82   1.16000018213E+003  5.00008002071E+001  0.00000000000E+000  1.82131633102E-004  8.00207092780E-004
1 2 83   1.12000018110E+003  5.00007689637E+001  0.00000000000E+000  1.81103716003E-004  7.68963651375E-004
1 2 84   1.08000018018E+003  5.00007361474E+001  0.00000000000E+000  1.80180800810E-004  7.36147406421E-004
1 2 85   1.04000017937E+003  5.00007019298E+001  0.00000000000E+000  1.79367699042E-004  7.01929761481E-004
1 2 86   1.00000017867E+003  5.00006664895E+001  0.00000000000E+000  1.78668927590E-004  6.66489535493E-004
1 2 87   9.60000178089E+002  5.00006300125E+001  0.00000000000E+000  1.78088707480E-004  6.30012489963E-004
1 2 88   9.20000177631E+002  5.00005926909E+001  0.00000000000E+000  1.77630962924E-004  5.92690854554E-004
1 2 89   8.80000177299E+002  5.00005547229E+001  0.00000000000E+000  1.77299320679E-004  5.54722851545E-004
1 2 90   8.40000177097E+002  5.00005163122E+001  0.00000000000E+000  1.77097109703E-004  5.16312219666E-004
1 2 91   8.00000177027E+002  5.00004776677E+001  0.00000000000E+000  1.77027361134E-004  4.77667737808E-004
1 2 92   7.60000177093E+002  5.00004390027E+001  0.00000000000E+000  1.77092808583E-004  4.39002749128E-004
1 2 93   7.20000177296E+002  5.00004005347E+001  0.00000000000E+000  1.77295888755E-004  4.00534686081E-004
1 2 94   6.80000177639E+002  5.00003624846E+001  0.00000000000E+000  1.77638742412E-004  3.62484596907E-004
1 2 95   6.40000178123E+002  5.00003250767E+001  0.00000000000E+000  1.78123215686E-004  3.25076674122E-004
1 2 96   6.00000178751E+002  5.00002885378E+001  0.00000000000E+000  1.78750861788E-004  2.88537785577E-004
1 2 97   5.60000179523E+002  5.00002530970E+001  0.00000000000E+000  1.79522943205E-004  2.53097008661E-004
1 2 98   5.20000180440E+002  5.00002189852E+001  0.00000000000E+000  1.80440434652E-004  2.18985168311E-004
1 2 99   4.80000181504E+002  5.00001864344E+001  0.00000000000E+000  1.81504027527E-004  1.86434379642E-004
1 2 100   4.40000182714E+002  5.00001556776E+001  0.00000000000E+000  1.82714137924E-004  1.55677596471E-004
1 2 101   4.00000184071E+002  5.00001269482E+001  0.00000000000E+000  1.84070924061E-004  1.26948168910E-004
1 2 102   3.60000185574E+002  5.00001004794E+001  0.00000000000E+000  1.85574328867E-004  1.00479414698E-004
1 2 103   3.20000187224E+002  5.00000765043E+001  0.00000000000E+000  1.87224195294E-004  7.65042522388E-005
1 2 104   2.80000189021E+002  5.00000552548E+001  0.00000000000E+000  1.89020552563E-004  5.52548252715E-005
1 2 105   2.40000190965E+002  5.00000369641E+001  0.00000000000E+000  1.90964546587E-004  3.69641024846E-005
1 2 106   2.00000193059E+002  5.00000218621E+001  0.00000000000E+000  1.93059378097E-004  2.18621079843E-005
1 2 107   1.60000195320E+002  5.00000102838E+001  0.00000000000E+000  1.95320497937E-004  1.02837665920E-005
1 2 108   1.20000197645E+002  5.00000023566E+001  0.00000000000E+000  1.97645488473E-004  2.35659032230E-006
1 2 109   8.00001999988E+001  4.99999995139E+001  0.00000000000E+000  1.99998820823E-004 -4.86079841067E-007
1 2 110   4.00002006550E+001  5.00000000211E+001  0.00000000000E+000  2.00655024090E-004  2.10775202009E-008
1 2 5   2.00705162512E-004  4.99999997684E+001  0.00000000000E+000  2.00705162512E-004 -2.31643657882E-007
1 3 1   2.01505244662E-004 -9.74157413247E-074  0.00000000000E+000  2.01505244662E-004 -9.74157413247E-074
1 2 4   4.00000031114E+003  5.00000001508E+001  0.00000000000E+000  3.11139671925E-004  1.50764988785E-007
1 2 12   3.96000031112E+003  5.00000000286E+001  0.00000000000E+000  3.11121592273E-004  2.86066911018E-008
1 2 13   3.92000031068E+003  5.00000001830E+001  0.00000000000E+000  3.10680542939E-004  1.83000721060E-007
1 2 14   3.88000030933E+003  4.99999979064E+001  0.00000000000E+000  3.09332626129E-004 -2.09358735107E-006
1 2 15   3.84000030853E+003  4.99999933266E+001  0.00000000000E+000  3.08533835605E-004 -6.67343468545E-006
1 2 16   3.80000030832E+003  4.99999879789E+001  0.00000000000E+000  3.08322031625E-004 -1.20211471218E-005
1 2 17   3.76000030871E+003  4.99999826790E+001  0.00000000000E+000  3.08710897263E-004 -1.73209528437E-005
1 2 18   3.72000030957E+003  4.99999781786E+001  0.00000000000E+000  3.09566298260E-004 -2.18214305242E-005
1 2 19   3.68000031088E+003  4.99999751961E+001  0.00000000000E+000  3.10876068590E-004 -2.48038807123E-005
1 2 20   3.64000031264E+003  4.99999744394E+001  0.00000000000E+000  3.12642879138E-004 -2.55605797463E-005
1 2 21   3.60000031488E+003  4.99999766362E+001  0.00000000000E+000  3.14876966385E-004 -2.33638258068E-005
1 2 22   3.56000031760E+003  4.99999825383E+001  0.00000000000E+000  3.17598487401E-004 -1.74617212276E-005
1 2 23   3.52000032085E+003  4.99999929454E+001  0.00000000000E+000  3.20850003544E-004 -7.05459013301E-006
1 2 24   3.48000032501E+003  5.00000094939E+001  0.00000000000E+000  3.25007373191E-004  9.49391114905E-006
1 2 25   3.44000032912E+003  5.00000328378E+001  0.00000000000E+000  3.29115313655E-004  3.28377873109E-005
1 2 26   3.40000033389E+003  5.00000648847E+001  0.00000000000E+000  3.33886409746E-004  6.48846822780E-005
1 2 27   3.36000033816E+003  5.00001054457E+001  0.00000000000E+000  3.38161331050E-004  1.05445705791E-004
1 2 28   3.32000034282E+003  5.00001505189E+001  0.00000000000E+000  3.42820379375E-004  1.50518871040E-004
1 2 29   3.28000034523E+003  5.00002018897E+001  0.00000000000E+000  3.45226955419E-004  2.01889680673E-004
1 2 30   3.24000034716E+003  5.00002569126E+001  0.00000000000E+000  3.47162050671E-004  2.56912641157E-004
1 2 31   3.20000034880E+003  5.00003148950E+001  0.00000000000E+000  3.48801140879E-004  3.14895037401E-004
1 2 32   3.16000035020E+003  5.00003753956E+001  0.00000000000E+000  3.50202429055E-004  3.75395619625E-004
1 2 33   3.12000035139E+003  5.00004380443E+001  0.00000000000E+000  3.51385475459E-004  4.38044279463E-004
1 2 34   3.08000035236E+003  5.00005024972E+001  0.00000000000E+000  3.52362329086E-004  5.02497171497E-004
1 2 35   3.04000035314E+003  5.00005684281E+001  0.00000000000E+000  3.53142720007E-004  5.68428109718E-004
1 2 36   3.00000035374E+003  5.00006355259E+001  0.00000000000E+000  3.53735591579E-004  6.35525947814E-004
1 2 37   2.96000035415E+003  5.00007034937E+001  0.00000000000E+000  3.54149561608E-004  7.03493657711E-004
1 2 38   2.92000035439E+003  5.00007720479E+001  0.00000000000E+000  3.54393067398E-004  7.72047915499E-004
1 2 39   2.88000035447E+003  5.00008409188E+001  0.00000000000E+000  3.54474411644E-004  8.40918846481E-004
1 2 40   2.84000035440E+003  5.00009098498E+001  0.00000000000E+000  3.54401776979E-004  9.09849820529E-004
1 2 41   2.80000035418E+003  5.00009785973E+001  0.00000000000E+000  3.54183230611E-004  9.78597263384E-004
1 2 42   2.76000035383E+003  5.00010469305E+001  0.00000000000E+000  3.53826725839E-004  1.04693047301E-003
1 2 43   2.72000035334E+003  5.00011146314E+001  0.00000000000E+000  3.53340102677E-004  1.11463143755E-003
1 2 44   2.68000035273E+003  5.00011814947E+001  0.00000000000E+000  3.52731088498E-004  1.18149465369E-003
1 2 45   2.64000035201E+003  5.00012473269E+001  0.00000000000E+000  3.52007299656E-004  1.24732694511E-003
1 2 46   2.60000035118E+003  5.00013119473E+001  0.00000000000E+000  3.51176246467E-004  1.31194728033E-003
1 2 47   2.56000035025E+003  5.00013751866E+001  0.00000000000E+000  3.50245348866E-004  1.37518658883E-003
1 2 48   2.52000034922E+003  5.00014368876E+001  0.00000000000E+000  3.49221986141E-004  1.43688756971E-003
1 2 49   2.48000034811E+003  5.00014969045E+001  0.00000000000E+000  3.48113655847E-004  1.49690447289E-003
1 2 50   2.44000034693E+003  5.00015551024E+001  0.00000000000E+000  3.46928544975E-004  1.55510242847E-003
1 2 51   2.40000034568E+003  5.00016113570E+001  0.00000000000E+000  3.45677343476E-004  1.61135695249E-003
1 2 52   2.36000034439E+003  5.00016654639E+001  0.00000000000E+000  3.44394178512E-004  1.66546387383E-003
1 2 53   2.32000034310E+003  5.00017177172E+001  0.00000000000E+000  3.43103878926E-004  1.71771718249E-003
1 2 54   2.28000034089E+003  5.00017660145E+001  0.00000000000E+000  3.40893054455E-004  1.76601450679E-003
1 2 55   2.24000033837E+003  5.00018107818E+001  0.00000000000E+000  3.38370715464E-004  1.81078176550E-003
1 2 56   2.20000033570E+003  5.00018514155E+001  0.00000000000E+000  3.35701475347E-004  1.85141554084E-003
1 2 57   2.16000033290E+003  5.00018876984E+001  0.00000000000E+000  3.32897211526E-004  1.88769844254E-003
1 2 58   2.12000033005E+003  5.00019194873E+001  0.00000000000E+000  3.30049548676E-004  1.91948731087E-003
1 2 59   2.08000032716E+003  5.00019466882E+001  0.00000000000E+000  3.27162914859E-004  1.94668821976E-003
1 2 60   2.04000032425E+003  5.00019692387E+001  0.00000000000E+000  3.24248745554E-004  1.96923873973E-003
1 2 61   2.00000032132E+003  5.00019871020E+001  0.00000000000E+000  3.21317656251E-004  1.98710197240E-003
1 2 62   1.96000031838E+003  5.00020002592E+001  0.00000000000E+000  3.18380333819E-004  2.00025920930E-003
1 2 63   1.92000031545E+003  5.00020087090E+001  0.00000000000E+000  3.15447282970E-004  2.00870901949E-003
1 2 64   1.88000031253E+003  5.00020124667E+001  0.00000000000E+000  3.12528806541E-004  2.01246665959E-003
1 2 65   1.84000030963E+003  5.00020115637E+001  0.00000000000E+000  3.09634981646E-004  2.01156367721E-003
1 2 66   1.80000030678E+003  5.00020060475E+001  0.00000000000E+000  3.06775648836E-004  2.00604752420E-003
1 2 67   1.76000030396E+003  5.00019959812E+001  0.00000000000E+000  3.03960404163E-004  1.99598116695E-003
1 2 68   1.72000030120E+003  5.00019814427E+001  0.00000000000E+000  3.01198592699E-004  1.98144268790E-003
1 2 69   1.68000029850E+003  5.00019625249E+001  0.00000000000E+000  2.98499302652E-004  1.96252487808E-003
1 2 70   1.64000029587E+003  5.00019393348E+001  0.00000000000E+000  2.95871359839E-004  1.93933482058E-003
1 2 71   1.60000029332E+003  5.00019119935E+001  0.00000000000E+000  2.93323322420E-004  1.91199346541E-003
1 2 72   1.56000029086E+003  5.00018806352E+001  0.00000000000E+000  2.90863475868E-004  1.88063519605E-003
1 2 73   1.52000028850E+003  5.00018454074E+001  0.00000000000E+000  2.88499828159E-004  1.84540738803E-003
1 2 74   1.48000028624E+003  5.00018064700E+001  0.00000000000E+000  2.86240105196E-004  1.80646995996E-003
1 2 75   1.44000028409E+003  5.00017639949E+001  0.00000000000E+000  2.84091746450E-004  1.76399491738E-003
1 2 76   1.40000028206E+003  5.00017181659E+001  0.00000000000E+000  2.82061900835E-004  1.71816588974E-003
1 2 77   1.36000028016E+003  5.00016691777E+001  0.00000000000E+000  2.80157422825E-004  1.66917766102E-003
1 2 78   1.32000027838E+003  5.00016172357E+001  0.00000000000E+000  2.78384868796E-004  1.61723569424E-003
1 2 79   1.28000027675E+003  5.00015625557E+001  0.00000000000E+000  2.76750493623E-004  1.56255565047E-003
1 2 80   1.24000027526E+003  5.00015053629E+001  0.00000000000E+000  2.75260247529E-004  1.50536290247E-003
1 2 81   1.20000027392E+003  5.00014458920E+001  0.00000000000E+000  2.73919773185E-004  1.44589204371E-003
1 2 82   1.16000027273E+003  5.00013843864E+001  0.00000000000E+000  2.72734403078E-004  1.38438639291E-003
1 2 83   1.12000027171E+003  5.00013210975E+001  0.00000000000E+000  2.71709157152E-004  1.32109749474E-003
1 2 84   1.08000027085E+003  5.00012562846E+001  0.00000000000E+000  2.70848740723E-004  1.25628461709E-003
1 2 85   1.04000027016E+003  5.00011902142E+001  0.00000000000E+000  2.70157542690E-004  1.19021424528E-003
1 2 86   1.00000026964E+003  5.00011231596E+001  0.00000000000E+000  2.69639634032E-004  1.12315957388E-003
1 2 87   9.60000269299E+002  5.00010554000E+001  0.00000000000E+000  2.69298766611E-004  1.05539999644E-003
1 2 88   9.20000269138E+002  5.00009872206E+001  0.00000000000E+000  2.69138372293E-004  9.87220593752E-004
1 2 89   8.80000269162E+002  5.00009189116E+001  0.00000000000E+000  2.69161562378E-004  9.18911621159E-004
1 2 90   8.40000269371E+002  5.00008507680E+001  0.00000000000E+000  2.69371127369E-004  8.50767995387E-004
1 2 91   8.00000269770E+002  5.00007830888E+001  0.00000000000E+000  2.69769537066E-004  7.83088781481E-004
1 2 92   7.60000270359E+002  5.00007161767E+001  0.00000000000E+000  2.70358941016E-004  7.16176680397E-004
1 2 93   7.20000271141E+002  5.00006503375E+001  0.00000000000E+000  2.71141169312E-004  6.50337517811E-004
1 2 94   6.80000272118E+002  5.00005858797E+001  0.00000000000E+000  2.72117733755E-004  5.85879734722E-004
1 2 95   6.40000273290E+002  5.00005231139E+001  0.00000000000E+000  2.73289829422E-004  5.23113880449E-004
1 2 96   6.00000274658E+002  5.00004623521E+001  0.00000000000E+000  2.74658336669E-004  4.62352108619E-004
1 2 97   5.60000276224E+002  5.00004039077E+001  0.00000000000E+000  2.76223823746E-004  4.03907676819E-004
1 2 98   5.20000277987E+002  5.00003480945E+001  0.00000000000E+000  2.77986550422E-004  3.48094450629E-004
1 2 99   4.80000279946E+002  5.00002952264E+001  0.00000000000E+000  2.79946473790E-004  2.95226413086E-004
1 2 100   4.40000282103E+002  5.00002456172E+001  0.00000000000E+000  2.82103259479E-004  2.45617181275E-004
1 2 101   4.00000284456E+002  5.00001995795E+001  0.00000000000E+000  2.84456307424E-004  1.99579534737E-004
1 2 102   3.60000287005E+002  5.00001574250E+001  0.00000000000E+000  2.87004816823E-004  1.57424962770E-004
1 2 103   3.20000289748E+002  5.00001194633E+001  0.00000000000E+000  2.89747964720E-004  1.19463305134E-004
1 2 104   2.80000292685E+002  5.00000860024E+001  0.00000000000E+000  2.92685352010E-004  8.60023767018E-005
1 2 105   2.40000295818E+002  5.00000573507E+001  0.00000000000E+000  2.95818456823E-004  5.73506658575E-005
1 2 106   2.00000299152E+002  5.00000338116E+001  0.00000000000E+000  2.99152110504E-004  3.38116435334E-005
1 2 107   1.60000302710E+002  5.00000158519E+001  0.00000000000E+000  3.02710444092E-004  1.58519067174E-005
1 2 108   1.20000306334E+002  5.00000036128E+001  0.00000000000E+000  3.06334183753E-004  3.61282675334E-006
1 2 109   8.00003099706E+001  4.99999992485E+001  0.00000000000E+000  3.09970625478E-004 -7.51534033920E-007
1 2 110   4.00003109839E+001  5.00000000334E+001  0.00000000000E+000  3.10983871444E-004  3.34214385653E-008
1 2 5   3.11061654849E-004  4.99999996418E+001  0.00000000000E+000  3.11061654849E-004 -3.58240951031E-007
1 3 1   3.12298285968E-004 -8.17597024998E-048  0.00000000000E+000  3.12298285968E-004 -8.17597024998E-048
1 2 4   4.00000000026E+003  5.00000000084E+001  0.00000000000E+000  2.56222330483E-007  8.40074982865E-009
1 2 12   3.96000000026E+003  5.00000000095E+001  0.00000000000E+000  2.62824154586E-007  9.45736419316E-009
1 2 13   3.92000000028E+003  5.00000000061E+001  0.00000000000E+000  2.76317127920E-007  6.07671532280E-009
1 2 14   3.88000000030E+003  5.00000000636E+001  0.00000000000E+000  3.04752221228E-007  6.36033297429E-008
1 2 15   3.84000000031E+003  5.00000001445E+001  0.00000000000E+000  3.07349184992E-007  1.44481843009E-007
1 2 16   3.80000000028E+003  5.00000001875E+001  0.00000000000E+000  2.80245843988E-007  1.87479062687E-007
1 2 17   3.76000000025E+003  5.00000001564E+001  0.00000000000E+000  2.46961793533E-007  1.56410364243E-007
1 2 18   3.72000000022E+003  5.00000000606E+001  0.00000000000E+000  2.24565222463E-007  6.06002265873E-008
1 2 19   3.68000000022E+003  4.99999999172E+001  0.00000000000E+000  2.23030263921E-007 -8.27793792484E-008
1 2 20   3.64000000025E+003  4.99999997631E+001  0.00000000000E+000  2.52444307515E-007 -2.36936209032E-007
1 2 21   3.60000000032E+003  4.99999996510E+001  0.00000000000E+000  3.22871117054E-007 -3.48999130672E-007
1 2 22   3.56000000044E+003  4.99999996506E+001  0.00000000000E+000  4.43888190983E-007 -3.49445609213E-007
1 2 23   3.52000000062E+003  4.99999998479E+001  0.00000000000E+000  6.23107261199E-007 -1.52127709151E-007
1 2 24   3.48000000090E+003  5.00000004366E+001  0.00000000000E+000  8.96535202967E-007  4.36619131647E-007
1 2 25   3.44000000102E+003  5.00000012784E+001  0.00000000000E+000  1.02086336045E-006  1.27837209130E-006
1 2 26   3.40000000109E+003  5.00000020535E+001  0.00000000000E+000  1.09028191142E-006  2.05351382292E-006
1 2 27   3.36000000107E+003  5.00000025865E+001  0.00000000000E+000  1.07135739827E-006  2.58645321157E-006
1 2 28   3.32000000101E+003  5.00000029459E+001  0.00000000000E+000  1.00757172619E-006  2.94587676555E-006
1 2 29   3.28000000099E+003  5.00000029884E+001  0.00000000000E+000  9.85175926556E-007  2.98842315064E-006
1 2 30   3.24000000096E+003  5.00000027482E+001  0.00000000000E+000  9.57557658585E-007  2.74823033559E-006
1 2 31   3.20000000093E+003  5.00000022174E+001  0.00000000000E+000  9.26260307118E-007  2.21741385426E-006
1 2 32   3.16000000090E+003  5.00000013922E+001  0.00000000000E+000  8.98600753099E-007  1.39218366576E-006
1 2 33   3.12000000088E+003  5.00000002812E+001  0.00000000000E+000  8.83182507555E-007  2.81179882374E-007
1 2 34   3.08000000089E+003  4.99999989069E+001  0.00000000000E+000  8.88756678410E-007 -1.09305472243E-006
1 2 35   3.04000000092E+003  4.99999973060E+001  0.00000000000E+000  9.24036080952E-007 -2.69395687319E-006
1 2 36   3.00000000100E+003  4.99999955290E+001  0.00000000000E+000  9.97642951350E-007 -4.47104090896E-006
1 2 37   2.96000000112E+003  4.99999936399E+001  0.00000000000E+000  1.11809336710E-006 -6.36005507236E-006
1 2 38   2.92000000129E+003  4.99999917168E+001  0.00000000000E+000  1.29379236672E-006 -8.28315495802E-006
1 2 39   2.88000000153E+003  4.99999898509E+001  0.00000000000E+000  1.53303241435E-006 -1.01490823201E-005
1 2 40   2.84000000184E+003  4.99999881467E+001  0.00000000000E+000  1.84399293480E-006 -1.18533455745E-005
1 2 41   2.80000000223E+003  4.99999867216E+001  0.00000000000E+000  2.23474023472E-006 -1.32784008445E-005
1 2 42   2.76000000271E+003  4.99999857062E+001  0.00000000000E+000  2.71322769360E-006 -1.42938332006E-005
1 2 43   2.72000000329E+003  4.99999852435E+001  0.00000000000E+000  3.28729649755E-006 -1.47565379958E-005
1 2 44   2.68000000396E+003  4.99999854891E+001  0.00000000000E+000  3.96467791942E-006 -1.45109020701E-005
1 2 45   2.64000000475E+003  4.99999866110E+001  0.00000000000E+000  4.75299940817E-006 -1.33889797461E-005
1 2 46   2.60000000566E+003  4.99999887894E+001  0.00000000000E+000  5.65979450323E-006 -1.12106237215E-005
1 2 47   2.56000000669E+003  4.99999922174E+001  0.00000000000E+000  6.69235516792E-006 -7.78263202827E-006
1 2 48   2.52000000786E+003  4.99999971058E+001  0.00000000000E+000  7.85644561782E-006 -2.89418872423E-006
1 2 49   2.48000000912E+003  5.00000038783E+001  0.00000000000E+000  9.11884666603E-006  3.87830900181E-006
1 2 50   2.44000001033E+003  5.00000129030E+001  0.00000000000E+000  1.03341240171E-005  1.29029791604E-005
1 2 51   2.40000001129E+003  5.00000237549E+001  0.00000000000E+000  1.12856593199E-005  2.37548931584E-005
1 2 52   2.36000001208E+003  5.00000361113E+001  0.00000000000E+000  1.20846401013E-005  3.61112507896E-005
1 2 53   2.32000001274E+003  5.00000495777E+001  0.00000000000E+000  1.27385333947E-005  4.95777099738E-005
1 2 54   2.28000001369E+003  5.00000648598E+001  0.00000000000E+000  1.36866971428E-005  6.48598295123E-005
1 2 55   2.24000001455E+003  5.00000814313E+001  0.00000000000E+000  1.45501540562E-005  8.14312842230E-005
1 2 56   2.20000001524E+003  5.00000992244E+001  0.00000000000E+000  1.52408647934E-005  9.92243747366E-005
1 2 57   2.16000001576E+003  5.00001179485E+001  0.00000000000E+000  1.57620320189E-005  1.17948519343E-004
1 2 58   2.12000001611E+003  5.00001373369E+001  0.00000000000E+000  1.61078945979E-005  1.37336865156E-004
1 2 59   2.08000001629E+003  5.00001571297E+001  0.00000000000E+000  1.62929637910E-005  1.57129675655E-004
1 2 60   2.04000001633E+003  5.00001770825E+001  0.00000000000E+000  1.63283067434E-005  1.77082521236E-004
1 2 61   2.00000001622E+003  5.00001969658E+001  0.00000000000E+000  1.62248630285E-005  1.96965848226E-004
1 2 62   1.96000001599E+003  5.00002165669E+001  0.00000000000E+000  1.59932323558E-005  2.16566868107E-004
1 2 63   1.92000001564E+003  5.00002356894E+001  0.00000000000E+000  1.56438016756E-005  2.35689399689E-004
1 2 64   1.88000001519E+003  5.00002541536E+001  0.00000000000E+000  1.51867579161E-005  2.54153649408E-004
1 2 65   1.84000001463E+003  5.00002717959E+001  0.00000000000E+000  1.46320928677E-005  2.71795920729E-004
1 2 66   1.80000001399E+003  5.00002884683E+001  0.00000000000E+000  1.39896002632E-005  2.88468308688E-004
1 2 67   1.76000001327E+003  5.00003040384E+001  0.00000000000E+000  1.32688709881E-005  3.04038382370E-004
1 2 68   1.72000001248E+003  5.00003183889E+001  0.00000000000E+000  1.24792876876E-005  3.18388857414E-004
1 2 69   1.68000001163E+003  5.00003314173E+001  0.00000000000E+000  1.16300193360E-005  3.31417259144E-004
1 2 70   1.64000001073E+003  5.00003430356E+001  0.00000000000E+000  1.07300159370E-005  3.43035576769E-004
1 2 71   1.60000000979E+003  5.00003531699E+001  0.00000000000E+000  9.78800341871E-006  3.53169909065E-004
1 2 72   1.56000000881E+003  5.00003617601E+001  0.00000000000E+000  8.81247874099E-006  3.61760101896E-004
1 2 73   1.52000000781E+003  5.00003687594E+001  0.00000000000E+000  7.81170522440E-006  3.68759377975E-004
1 2 74   1.48000000679E+003  5.00003741340E+001  0.00000000000E+000  6.79370810190E-006  3.74133959218E-004
1 2 75   1.44000000577E+003  5.00003778627E+001  0.00000000000E+000  5.76627029581E-006  3.77862682079E-004
1 2 76   1.40000000474E+003  5.00003799366E+001  0.00000000000E+000  4.73692842273E-006  3.79936606240E-004
1 2 77   1.36000000371E+003  5.00003803586E+001  0.00000000000E+000  3.71296902707E-006  3.80358617039E-004
1 2 78   1.32000000270E+003  5.00003791430E+001  0.00000000000E+000  2.70142504753E-006  3.79143022015E-004
1 2 79   1.28000000171E+003  5.00003763151E+001  0.00000000000E+000  1.70907251770E-006  3.76315141967E-004
1 2 80   1.24000000074E+003  5.00003719109E+001  0.00000000000E+000  7.42427505946E-007  3.71910896914E-004
1 2 81   1.19999999981E+003  5.00003659764E+001  0.00000000000E+000 -1.92256702721E-007  3.65976387358E-004
1 2 82   1.15999999891E+003  5.00003585675E+001  0.00000000000E+000 -1.08899217878E-006  3.58567471261E-004
1 2 83   1.11999999806E+003  5.00003497493E+001  0.00000000000E+000 -1.94205866854E-006  3.49749337137E-004
1 2 84   1.07999999725E+003  5.00003395961E+001  0.00000000000E+000 -2.74600565981E-006  3.39596073689E-004
1 2 85   1.03999999650E+003  5.00003281902E+001  0.00000000000E+000 -3.49565418589E-006  3.28190236417E-004
1 2 86   9.99999995814E+002  5.00003156224E+001  0.00000000000E+000 -4.18609836474E-006  3.15622411626E-004
1 2 87   9.59999995187E+002  5.00003019908E+001  0.00000000000E+000 -4.81270666599E-006  3.01990778278E-004
1 2 88   9.19999994629E+002  5.00002874007E+001  0.00000000000E+000 -5.37112290207E-006  2.87400668148E-004
1 2 89   8.79999994143E+002  5.00002719641E+001  0.00000000000E+000 -5.85726693690E-006  2.71964124731E-004
1 2 90   8.39999993733E+002  5.00002557995E+001  0.00000000000E+000 -6.26733510716E-006  2.55799461372E-004
1 2 91   7.99999993402E+002  5.00002390308E+001  0.00000000000E+000 -6.59780035083E-006  2.39030819101E-004
1 2 92   7.59999993155E+002  5.00002217877E+001  0.00000000000E+000 -6.84541203714E-006  2.21787724640E-004
1 2 93   7.19999992993E+002  5.00002042046E+001  0.00000000000E+000 -7.00719549279E-006  2.04204649092E-004
1 2 94   6.79999992920E+002  5.00001864206E+001  0.00000000000E+000 -7.08045121708E-006  1.86420567786E-004
1 2 95   6.39999992937E+002  5.00001685785E+001  0.00000000000E+000 -7.06275377567E-006  1.68578521814E-004
1 2 96   5.99999993048E+002  5.00001508252E+001  0.00000000000E+000 -6.95195035098E-006  1.50825181736E-004
1 2 97   5.59999993254E+002  5.00001333104E+001  0.00000000000E+000 -6.74615889504E-006  1.33310414021E-004
1 2 98   5.19999993556E+002  5.00001161869E+001  0.00000000000E+000 -6.44376573867E-006  1.16186850764E-004
1 2 99   4.79999993957E+002  5.00000996095E+001  0.00000000000E+000 -6.04342225134E-006  9.96094633483E-005
1 2 100   4.39999994456E+002  5.00000837351E+001  0.00000000000E+000 -5.54403942330E-006  8.37351409602E-005
1 2 101   3.99999995055E+002  5.00000687223E+001  0.00000000000E+000 -4.94477717541E-006  6.87222759025E-005
1 2 102   3.59999995755E+002  5.00000547304E+001  0.00000000000E+000 -4.24501980498E-006  5.47303584670E-005
1 2 103   3.19999996556E+002  5.00000419196E+001  0.00000000000E+000 -3.44431157846E-006  4.19196078945E-005
1 2 104   2.79999997458E+002  5.00000304506E+001  0.00000000000E+000 -2.54219897270E-006  3.04506011367E-005
1 2 105   2.39999998462E+002  5.00000204850E+001  0.00000000000E+000 -1.53772084149E-006  2.04849906657E-005
1 2 106   1.99999999571E+002  5.00000121833E+001  0.00000000000E+000 -4.28900985934E-007  1.21832844122E-005
1 2 107   1.60000000793E+002  5.00000057641E+001  0.00000000000E+000  7.92821966634E-007  5.76406950589E-006
1 2 108   1.20000002071E+002  5.00000013333E+001  0.00000000000E+000  2.07099882582E-006  1.33327600887E-006
1 2 109   8.00000033845E+001  4.99999997290E+001  0.00000000000E+000  3.38448546033E-006 -2.71008201141E-007
1 2 110   4.00000037512E+001  5.00000000112E+001  0.00000000000E+000  3.75120664408E-006  1.12409058837E-008
1 2 5   3.77900203118E-006  4.99999998709E+001  0.00000000000E+000  3.77900203118E-006 -1.29099863388E-007
1 3 1   4.22536210683E-006  2.77555755228E-015  0.00000000000E+000  4.22536210683E-006 -9.29131228722E-024
1 2 4   4.00000003674E+003  5.00000006031E+001  0.00000000000E+000  3.67426196881E-005  6.03059946058E-007
1 2 12   3.96000003667E+003  5.00000001144E+001  0.00000000000E+000  3.66703010778E-005  1.14426763064E-007
1 2 13   3.92000003491E+003  5.00000007320E+001  0.00000000000E+000  3.49061037733E-005  7.32002872250E-007
1 2 14   3.88000002951E+003  4.99999916257E+001  0.00000000000E+000  2.95144366241E-005 -8.37434926367E-006
1 2 15   3.84000002632E+003  4.99999733063E+001  0.00000000000E+000  2.63192745783E-005 -2.66937382966E-005
1 2 16   3.80000002547E+003  4.99999519154E+001  0.00000000000E+000  2.54720586689E-005 -4.80845876886E-005
1 2 17   3.76000002703E+003  4.99999307162E+001  0.00000000000E+000  2.70275211940E-005 -6.92838102298E-005
1 2 18   3.72000003045E+003  4.99999127143E+001  0.00000000000E+000  3.04491251204E-005 -8.72857206606E-005
1 2 19   3.68000003569E+003  4.99999007845E+001  0.00000000000E+000  3.56882063520E-005 -9.92155212281E-005
1 2 20   3.64000004276E+003  4.99998977577E+001  0.00000000000E+000  4.27554484313E-005 -1.02242317327E-004
1 2 21   3.60000005169E+003  4.99999065447E+001  0.00000000000E+000  5.16917972734E-005 -9.34553017229E-005
1 2 22   3.56000006258E+003  4.99999301531E+001  0.00000000000E+000  6.25778811668E-005 -6.98468837944E-005
1 2 23   3.52000007558E+003  4.99999717816E+001  0.00000000000E+000  7.55839455389E-005 -2.82183600844E-005
1 2 24   3.48000009221E+003  5.00000379756E+001  0.00000000000E+000  9.22134238756E-005  3.79756439946E-005
1 2 25   3.44000010865E+003  5.00001313511E+001  0.00000000000E+000  1.08645185494E-004  1.31351147186E-004
1 2 26   3.40000012773E+003  5.00002595387E+001  0.00000000000E+000  1.27729569599E-004  2.59538725107E-004
1 2 27   3.36000014483E+003  5.00004217828E+001  0.00000000000E+000  1.44829254601E-004  4.21782816774E-004
1 2 28   3.32000016347E+003  5.00006020755E+001  0.00000000000E+000  1.63465447681E-004  6.02075475161E-004
1 2 29   3.28000017309E+003  5.00008075587E+001  0.00000000000E+000  1.73091751762E-004  8.07558710794E-004
1 2 30   3.24000018083E+003  5.00010276505E+001  0.00000000000E+000  1.80832132708E-004  1.02765054969E-003
1 2 31   3.20000018739E+003  5.00012595801E+001  0.00000000000E+000  1.87388493508E-004  1.25958013155E-003
1 2 32   3.16000019299E+003  5.00015015825E+001  0.00000000000E+000  1.92993646205E-004  1.50158245729E-003
1 2 33   3.12000019773E+003  5.00017521771E+001  0.00000000000E+000  1.97725831840E-004  1.75217709349E-003
1 2 34   3.08000020163E+003  5.00020099887E+001  0.00000000000E+000  2.01633246388E-004  2.00998865851E-003
1 2 35   3.04000020475E+003  5.00022737124E+001  0.00000000000E+000  2.04754810134E-004  2.27371240837E-003
1 2 36   3.00000020713E+003  5.00025421038E+001  0.00000000000E+000  2.07126296509E-004  2.54210375783E-003
1 2 37   2.96000020878E+003  5.00028139746E+001  0.00000000000E+000  2.08782176728E-004  2.81397459465E-003
1 2 38   2.92000020976E+003  5.00030881916E+001  0.00000000000E+000  2.09756200017E-004  3.08819162322E-003
1 2 39   2.88000021008E+003  5.00033636753E+001  0.00000000000E+000  2.10081577143E-004  3.36367534478E-003
1 2 40   2.84000020979E+003  5.00036393992E+001  0.00000000000E+000  2.09791038643E-004  3.63939923884E-003
1 2 41   2.80000020892E+003  5.00039143890E+001  0.00000000000E+000  2.08916853348E-004  3.91438900841E-003
1 2 42   2.76000020749E+003  5.00041877218E+001  0.00000000000E+000  2.07490834455E-004  4.18772184535E-003
1 2 43   2.72000020554E+003  5.00044585257E+001  0.00000000000E+000  2.05544342011E-004  4.45852570224E-003
1 2 44   2.68000020311E+003  5.00047259786E+001  0.00000000000E+000  2.03108285509E-004  4.72597856592E-003
1 2 45   2.64000020021E+003  5.00049893077E+001  0.00000000000E+000  2.00213130370E-004  4.98930773105E-003
1 2 46   2.60000019689E+003  5.00052477891E+001  0.00000000000E+000  1.96888917849E-004  5.24778907174E-003
1 2 47   2.56000019317E+003  5.00055007463E+001  0.00000000000E+000  1.93165327688E-004  5.50074630595E-003
1 2 48   2.52000018907E+003  5.00057475502E+001  0.00000000000E+000  1.89071877037E-004  5.74755023006E-003
1 2 49   2.48000018464E+003  5.00059876178E+001  0.00000000000E+000  1.84638556116E-004  5.98761784377E-003
1 2 50   2.44000017990E+003  5.00062204097E+001  0.00000000000E+000  1.79898112884E-004  6.22040966751E-003
1 2 51   2.40000017489E+003  5.00064454278E+001  0.00000000000E+000  1.74893307144E-004  6.44542776539E-003
1 2 52   2.36000016976E+003  5.00066618555E+001  0.00000000000E+000  1.69760647542E-004  6.66185545301E-003
1 2 53   2.32000016460E+003  5.00068708687E+001  0.00000000000E+000  1.64599449444E-004  6.87086869030E-003
1 2 54   2.28000015576E+003  5.00070640580E+001  0.00000000000E+000  1.55756151960E-004  7.06405799086E-003
1 2 55   2.24000014567E+003  5.00072431270E+001  0.00000000000E+000  1.45666796420E-004  7.24312702968E-003
1 2 56   2.20000013499E+003  5.00074056621E+001  0.00000000000E+000  1.34989836358E-004  7.40566213570E-003
1 2 57   2.16000012377E+003  5.00075507937E+001  0.00000000000E+000  1.23772781457E-004  7.55079374782E-003
1 2 58   2.12000011238E+003  5.00076779492E+001  0.00000000000E+000  1.12382130399E-004  7.67794922700E-003
1 2 59   2.08000010084E+003  5.00077867529E+001  0.00000000000E+000  1.00835595436E-004  7.78675286898E-003
1 2 60   2.04000008918E+003  5.00078769550E+001  0.00000000000E+000  8.91789184761E-005  7.87695495574E-003
1 2 61   2.00000007745E+003  5.00079484079E+001  0.00000000000E+000  7.74545614797E-005  7.94840789371E-003
1 2 62   1.96000006571E+003  5.00080010368E+001  0.00000000000E+000  6.57052719208E-005  8.00103684891E-003
1 2 63   1.92000005397E+003  5.00080348361E+001  0.00000000000E+000  5.39730686442E-005  8.03483609748E-003
1 2 64   1.88000004230E+003  5.00080498667E+001  0.00000000000E+000  4.22991630004E-005  8.04986666590E-003
1 2 65   1.84000003072E+003  5.00080462547E+001  0.00000000000E+000  3.07238634408E-005  8.04625474447E-003
1 2 66   1.80000001929E+003  5.00080241901E+001  0.00000000000E+000  1.92865321704E-005  8.02419014055E-003
1 2 67   1.76000000803E+003  5.00079839247E+001  0.00000000000E+000  8.02555340267E-006  7.98392471955E-003
1 2 68   1.71999999698E+003  5.00079257708E+001  0.00000000000E+000 -3.02169257714E-006  7.92577081125E-003
1 2 69   1.67999998618E+003  5.00078500996E+001  0.00000000000E+000 -1.38188529345E-005  7.85009957964E-003
1 2 70   1.63999997567E+003  5.00077573394E+001  0.00000000000E+000 -2.43306244003E-005  7.75733935702E-003
1 2 71   1.59999996548E+003  5.00076479739E+001  0.00000000000E+000 -3.45227743302E-005  7.64797394336E-003
1 2 72   1.55999995564E+003  5.00075225409E+001  0.00000000000E+000 -4.43621608339E-005  7.52254087249E-003
1 2 73   1.51999994618E+003  5.00073816296E+001  0.00000000000E+000 -5.38167519980E-005  7.38162964649E-003
1 2 74   1.47999993714E+003  5.00072258799E+001  0.00000000000E+000 -6.28556442119E-005  7.22587993976E-003
1 2 75   1.43999992855E+003  5.00070559798E+001  0.00000000000E+000 -7.14490795885E-005  7.05597977440E-003
1 2 76   1.39999992043E+003  5.00068726637E+001  0.00000000000E+000 -7.95684624582E-005  6.87266366817E-003
1 2 77   1.35999991281E+003  5.00066767108E+001  0.00000000000E+000 -8.71863749318E-005  6.67671075693E-003
1 2 78   1.31999990572E+003  5.00064689429E+001  0.00000000000E+000 -9.42765914978E-005  6.46894289279E-003
1 2 79   1.27999989919E+003  5.00062502227E+001  0.00000000000E+000 -1.00814092647E-004  6.25022271993E-003
1 2 80   1.23999989322E+003  5.00060214517E+001  0.00000000000E+000 -1.06775077486E-004  6.02145172944E-003
1 2 81   1.19999988786E+003  5.00057835683E+001  0.00000000000E+000 -1.12136975327E-004  5.78356829515E-003
1 2 82   1.15999988312E+003  5.00055375457E+001  0.00000000000E+000 -1.16878456216E-004  5.53754569195E-003
1 2 83   1.11999987902E+003  5.00052843901E+001  0.00000000000E+000 -1.20979440375E-004  5.28439009858E-003
1 2 84   1.07999987558E+003  5.00050251386E+001  0.00000000000E+000 -1.24421106530E-004  5.02513858654E-003
1 2 85   1.03999987281E+003  5.00047608571E+001  0.00000000000E+000 -1.27185899085E-004  4.76085709720E-003
1 2 86   9.99999870742E+002  5.00044926384E+001  0.00000000000E+000 -1.29257534122E-004  4.49263840882E-003
1 2 87   9.59999869379E+002  5.00042216001E+001  0.00000000000E+000 -1.30621004183E-004  4.22160009564E-003
1 2 88   9.19999868737E+002  5.00039488825E+001  0.00000000000E+000 -1.31262581805E-004  3.94888248089E-003
1 2 89   8.79999868830E+002  5.00036756466E+001  0.00000000000E+000 -1.31169821780E-004  3.67564658598E-003
1 2 90   8.39999869668E+002  5.00034030721E+001  0.00000000000E+000 -1.30331562101E-004  3.40307207787E-003
1 2 91   7.99999871262E+002  5.00031323552E+001  0.00000000000E+000 -1.28737923558E-004  3.13235521680E-003
1 2 92   7.59999873620E+002  5.00028647068E+001  0.00000000000E+000 -1.26380307961E-004  2.86470680665E-003
1 2 93   7.19999876749E+002  5.00026013502E+001  0.00000000000E+000 -1.23251394942E-004  2.60135015018E-003
1 2 94   6.79999880655E+002  5.00023435190E+001  0.00000000000E+000 -1.19345137286E-004  2.34351901147E-003
1 2 95   6.39999885343E+002  5.00020924556E+001  0.00000000000E+000 -1.14656754692E-004  2.09245558786E-003
1 2 96   5.99999890817E+002  5.00018494085E+001  0.00000000000E+000 -1.09182725731E-004  1.84940849393E-003
1 2 97   5.59999897079E+002  5.00016156308E+001  0.00000000000E+000 -1.02920777406E-004  1.61563076010E-003
1 2 98   5.19999904130E+002  5.00013923778E+001  0.00000000000E+000 -9.58698706358E-005  1.39237784877E-003
1 2 99   4.79999911970E+002  5.00011809057E+001  0.00000000000E+000 -8.80301770482E-005  1.18090569217E-003
1 2 100   4.39999920597E+002  5.00009824688E+001  0.00000000000E+000 -7.94030341288E-005  9.82468758699E-004
1 2 101   3.99999930009E+002  5.00007983182E+001  0.00000000000E+000 -6.99908421372E-005  7.98318166614E-004
1 2 102   3.59999940203E+002  5.00006296999E+001  0.00000000000E+000 -5.97968042792E-005  6.29699873176E-004
1 2 103   3.19999951176E+002  5.00004778532E+001  0.00000000000E+000 -4.88242123866E-005  4.77853237501E-004
1 2 104   2.79999962925E+002  5.00003440095E+001  0.00000000000E+000 -3.70746628757E-005  3.44009519157E-004
1 2 105   2.39999975458E+002  5.00002294027E+001  0.00000000000E+000 -2.45422432248E-005  2.29402671754E-004
1 2 106   1.99999988792E+002  5.00001352466E+001  0.00000000000E+000 -1.12076280535E-005  1.35246579093E-004
1 2 107   1.60000003026E+002  5.00000634076E+001  0.00000000000E+000  3.02570679059E-006  6.34076292206E-005
1 2 108   1.20000017521E+002  5.00000144513E+001  0.00000000000E+000  1.75206659549E-005  1.44513075592E-005
1 2 109   8.00000320664E+001  4.99999969939E+001  0.00000000000E+000  3.20664333888E-005 -3.00613624548E-006
1 2 110   4.00000361194E+001  5.00000001337E+001  0.00000000000E+000  3.61194174009E-005  1.33685759009E-007
1 2 5   3.64305510345E-005  4.99999985670E+001  0.00000000000E+000  3.64305510345E-005 -1.43296385678E-006
1 3 1   4.13770756908E-005 -3.44401202749E-044  0.00000000000E+000  4.13770756908E-005 -3.44401202749E-044
