1 2 4   3.98949722965E+003  4.99383495603E+001  0.00000000000E+000 -1.05027703548E+001 -6.16504396666E-002
1 2 12   3.94947479264E+003  4.10754993693E+001  0.00000000000E+000 -1.05252073551E+001 -8.92450063074E+000
1 2 13   3.90978983462E+003  3.17743894531E+001  0.00000000000E+000 -1.02101653761E+001 -1.82256105469E+001
1 2 14   3.87035106965E+003  2.28342812557E+001  0.00000000000E+000 -9.64893035307E+000 -2.71657187443E+001
1 2 15   3.83097500562E+003  1.45529469148E+001  0.00000000000E+000 -9.02499438054E+000 -3.54470530852E+001
1 2 16   3.79177558924E+003  6.84231479711E+000  0.00000000000E+000 -8.22441076452E+000 -4.31576852029E+001
1 2 17   3.75268401984E+003  1.60999165228E-001  0.00000000000E+000 -7.31598015938E+000 -4.98390008348E+001
1 2 18   3.71362129617E+003 -5.52423365000E+000  0.00000000000E+000 -6.37870383419E+000 -5.55242336500E+001
1 2 19   3.67460146975E+003 -1.00989164381E+001  0.00000000000E+000 -5.39853024745E+000 -6.00989164381E+001
1 2 20   3.63561125773E+003 -1.34885916304E+001  0.00000000000E+000 -4.38874226553E+000 -6.34885916304E+001
1 2 21   3.59663231182E+003 -1.56482130571E+001  0.00000000000E+000 -3.36768817897E+000 -6.56482130571E+001
1 2 22   3.55764643786E+003 -1.65652234762E+001  0.00000000000E+000 -2.35356213903E+000 -6.65652234762E+001
1 2 23   3.51863882805E+003 -1.62570320516E+001  0.00000000000E+000 -1.36117194981E+000 -6.62570320516E+001
1 2 24   3.47960668152E+003 -1.47621926803E+001  0.00000000000E+000 -3.93318476742E-001 -6.47621926803E+001
1 2 25   3.44060192681E+003 -1.20601111533E+001  0.00000000000E+000  6.01926809752E-001 -6.20601111533E+001
1 2 26   3.40170808108E+003 -7.75989386195E+000  0.00000000000E+000  1.70808108228E+000 -5.77598938619E+001
1 2 27   3.36257913433E+003 -2.05044016378E+000  0.00000000000E+000  2.57913432608E+000 -5.20504401638E+001
1 2 28   3.32344820247E+003  4.37295810850E+000  0.00000000000E+000  3.44820246712E+000 -4.56270418915E+001
1 2 29   3.28387183986E+003  1.16209125582E+001  0.00000000000E+000  3.87183986411E+000 -3.83790874418E+001
1 2 30   3.24410161090E+003  1.91122881084E+001  0.00000000000E+000  4.10161089625E+000 -3.08877118916E+001
1 2 31   3.20413981034E+003  2.65383943335E+001  0.00000000000E+000  4.13981034463E+000 -2.34616056665E+001
1 2 32   3.16397537277E+003  3.35904867995E+001  0.00000000000E+000  3.97537276553E+000 -1.64095132005E+001
1 2 33   3.12359270482E+003  3.99384215264E+001  0.00000000000E+000  3.59270481756E+000 -1.00615784736E+001
1 2 34   3.08297768318E+003  4.52216921876E+001  0.00000000000E+000  2.97768318142E+000 -4.77830781236E+000
1 2 35   3.04212516486E+003  4.90408398954E+001  0.00000000000E+000  2.12516485845E+000 -9.59160104559E-001
1 2 36   3.00116539877E+003  5.03417735770E+001  0.00000000000E+000  1.16539876558E+000  3.41773576951E-001
1 2 37   2.96033056623E+003  4.99522201687E+001  0.00000000000E+000  3.30566226466E-001 -4.77798312956E-002
1 2 38   2.91974470942E+003  4.83668006830E+001  0.00000000000E+000 -2.55290579135E-001 -1.63319931699E+000
1 2 39   2.87932003510E+003  4.59540205805E+001  0.00000000000E+000 -6.79964895261E-001 -4.04597941945E+000
1 2 40   2.83904323769E+003  4.29701524017E+001  0.00000000000E+000 -9.56762313680E-001 -7.02984759834E+000
1 2 41   2.79889940928E+003  3.96473061079E+001  0.00000000000E+000 -1.10059071501E+000 -1.03526938921E+001
1 2 42   2.75887315862E+003  3.61931127567E+001  0.00000000000E+000 -1.12684137782E+000 -1.38068872433E+001
1 2 43   2.71894897483E+003  3.27903787081E+001  0.00000000000E+000 -1.05102516943E+000 -1.72096212919E+001
1 2 44   2.67911145936E+003  2.95970770513E+001  0.00000000000E+000 -8.88540640620E-001 -2.04029229487E+001
1 2 45   2.63934540297E+003  2.67465856506E+001  0.00000000000E+000 -6.54597027175E-001 -2.32534143494E+001
1 2 46   2.59963581013E+003  2.43480094252E+001  0.00000000000E+000 -3.64189873503E-001 -2.56519905748E+001
1 2 47   2.55996790450E+003  2.24865304474E+001  0.00000000000E+000 -3.20954953187E-002 -2.75134695526E+001
1 2 48   2.52032712367E+003  2.12237680654E+001  0.00000000000E+000  3.27123667558E-001 -2.87762319346E+001
1 2 49   2.48069909457E+003  2.05981463474E+001  0.00000000000E+000  6.99094566427E-001 -2.94018536526E+001
1 2 50   2.44106954125E+003  2.06253437076E+001  0.00000000000E+000  1.06954124573E+000 -2.93746562924E+001
1 2 51   2.40142399385E+003  2.12986886380E+001  0.00000000000E+000  1.42399384593E+000 -2.87013113620E+001
1 2 52   2.36174407335E+003  2.26060296167E+001  0.00000000000E+000  1.74407334759E+000 -2.73939703833E+001
1 2 53   2.32201460350E+003  2.44198256569E+001  0.00000000000E+000  2.01460350157E+000 -2.55801743431E+001
1 2 54   2.28241369687E+003  2.70608830696E+001  0.00000000000E+000  2.41369687247E+000 -2.29391169304E+001
1 2 55   2.24274974092E+003  3.02842241977E+001  0.00000000000E+000  2.74974092407E+000 -1.97157758023E+001
1 2 56   2.20295555000E+003  3.39950083204E+001  0.00000000000E+000  2.95555000368E+000 -1.60049916796E+001
1 2 57   2.16299901672E+003  3.79498157978E+001  0.00000000000E+000  2.99901672281E+000 -1.20501842022E+001
1 2 58   2.12285572674E+003  4.18704007872E+001  0.00000000000E+000  2.85572673511E+000 -8.12959921282E+000
1 2 59   2.08250312418E+003  4.54407843887E+001  0.00000000000E+000  2.50312418490E+000 -4.55921561132E+000
1 2 60   2.04192545466E+003  4.83128322091E+001  0.00000000000E+000  1.92545466332E+000 -1.68716779094E+000
1 2 61   2.00104069402E+003  4.98685603977E+001  0.00000000000E+000  1.04069402015E+000 -1.31439602330E-001
1 2 62   1.96012233625E+003  4.99101184196E+001  0.00000000000E+000  1.22336245663E-001 -8.98815803543E-002
1 2 63   1.91948350217E+003  4.85187822323E+001  0.00000000000E+000 -5.16497828075E-001 -1.48121776768E+000
1 2 64   1.87902853633E+003  4.62478614736E+001  0.00000000000E+000 -9.71463669080E-001 -3.75213852640E+000
1 2 65   1.83874414172E+003  4.33815394640E+001  0.00000000000E+000 -1.25585828302E+000 -6.61846053602E+000
1 2 66   1.79860922123E+003  4.01795404245E+001  0.00000000000E+000 -1.39077876535E+000 -9.82045957546E+000
1 2 67   1.75860495145E+003  3.68654000626E+001  0.00000000000E+000 -1.39504855267E+000 -1.31345999374E+001
1 2 68   1.71871277493E+003  3.36327870451E+001  0.00000000000E+000 -1.28722506576E+000 -1.63672129549E+001
1 2 69   1.67891461381E+003  3.06460245970E+001  0.00000000000E+000 -1.08538619070E+000 -1.93539754030E+001
1 2 70   1.63919283532E+003  2.80409322947E+001  0.00000000000E+000 -8.07164676910E-001 -2.19590677053E+001
1 2 71   1.59953026625E+003  2.59255507672E+001  0.00000000000E+000 -4.69733753804E-001 -2.40744492328E+001
1 2 72   1.55991020174E+003  2.43808868735E+001  0.00000000000E+000 -8.97982646337E-002 -2.56191131265E+001
1 2 73   1.52031641481E+003  2.34616712845E+001  0.00000000000E+000  3.16414805444E-001 -2.65383287155E+001
1 2 74   1.48073316523E+003  2.31971308938E+001  0.00000000000E+000  7.33165234612E-001 -2.68028691062E+001
1 2 75   1.44114520804E+003  2.35917752009E+001  0.00000000000E+000  1.14520803958E+000 -2.64082247991E+001
1 2 76   1.40153780151E+003  2.46261959784E+001  0.00000000000E+000  1.53780151237E+000 -2.53738040216E+001
1 2 77   1.36189671487E+003  2.62578794571E+001  0.00000000000E+000  1.89671487292E+000 -2.37421205429E+001
1 2 78   1.32220823568E+003  2.84220302353E+001  0.00000000000E+000  2.20823567960E+000 -2.15779697647E+001
1 2 79   1.28245917749E+003  3.10324062841E+001  0.00000000000E+000  2.45917749402E+000 -1.89675937159E+001
1 2 80   1.24263688875E+003  3.39821627202E+001  0.00000000000E+000  2.63688875123E+000 -1.60178372798E+001
1 2 81   1.20272926908E+003  3.71447096550E+001  0.00000000000E+000  2.72926908457E+000 -1.28552903450E+001
1 2 82   1.16272478726E+003  4.03745019885E+001  0.00000000000E+000  2.72478726049E+000 -9.62549801150E+000
1 2 83   1.12261265356E+003  4.35080791171E+001  0.00000000000E+000  2.61265355910E+000 -6.49192088293E+000
1 2 84   1.08238242263E+003  4.63613060501E+001  0.00000000000E+000  2.38242263076E+000 -3.63869394991E+000
1 2 85   1.04202927557E+003  4.87403975682E+001  0.00000000000E+000  2.02927557360E+000 -1.25960243177E+000
1 2 86   1.00152566183E+003  5.02640613851E+001  0.00000000000E+000  1.52566183434E+000  2.64061385142E-001
1 2 87   9.61059381730E+002  5.09698861313E+001  0.00000000000E+000  1.05938173040E+000  9.69886131281E-001
1 2 88   9.20723011404E+002  5.09862282715E+001  0.00000000000E+000  7.23011403746E-001  9.86228271516E-001
1 2 89   8.80468083336E+002  5.05352640957E+001  0.00000000000E+000  4.68083336153E-001  5.35264095732E-001
1 2 90   8.40286715371E+002  4.97407999667E+001  0.00000000000E+000  2.86715371025E-001 -2.59200033254E-001
1 2 91   8.00169219810E+002  4.87133030035E+001  0.00000000000E+000  1.69219810272E-001 -1.28669699648E+000
1 2 92   7.60107237357E+002  4.75478453508E+001  0.00000000000E+000  1.07237356827E-001 -2.45215464919E+000
1 2 93   7.20092850067E+002  4.63265423096E+001  0.00000000000E+000  9.28500666998E-002 -3.67345769037E+000
1 2 94   6.80118625663E+002  4.51192483093E+001  0.00000000000E+000  1.18625663472E-001 -4.88075169069E+000
1 2 95   6.40177595750E+002  4.39843259967E+001  0.00000000000E+000  1.77595749828E-001 -6.01567400329E+000
1 2 96   6.00263253649E+002  4.29693807841E+001  0.00000000000E+000  2.63253649044E-001 -7.03061921592E+000
1 2 97   5.60369551140E+002  4.21119937112E+001  0.00000000000E+000  3.69551139945E-001 -7.88800628880E+000
1 2 98   5.20490895231E+002  4.14404492922E+001  0.00000000000E+000  4.90895231020E-001 -8.55955070785E+000
1 2 99   4.80622144473E+002  4.09744578469E+001  0.00000000000E+000  6.22144472560E-001 -9.02554215309E+000
1 2 100   4.40758604835E+002  4.07258713221E+001  0.00000000000E+000  7.58604834524E-001 -9.27412867794E+000
1 2 101   4.00896025262E+002  4.06993917691E+001  0.00000000000E+000  8.96025261683E-001 -9.30060823091E+000
1 2 102   3.61030593256E+002  4.08932716768E+001  0.00000000000E+000  1.03059325592E+000 -9.10672832321E+000
1 2 103   3.21158931585E+002  4.13000065427E+001  0.00000000000E+000  1.15893158531E+000 -8.69999345729E+000
1 2 104   2.81278098168E+002  4.19070158177E+001  0.00000000000E+000  1.27809816826E+000 -8.09298418231E+000
1 2 105   2.41385601156E+002  4.26973668121E+001  0.00000000000E+000  1.38560115642E+000 -7.30263318792E+000
1 2 106   2.01479405281E+002  4.36502853472E+001  0.00000000000E+000  1.47940528050E+000 -6.34971465282E+000
1 2 107   1.61558213992E+002  4.47447734461E+001  0.00000000000E+000  1.55821399171E+000 -5.25522655390E+000
1 2 108   1.21617890903E+002  4.59483843047E+001  0.00000000000E+000  1.61789090258E+000 -4.05161569533E+000
1 2 109   8.16640179314E+001  4.72514740329E+001  0.00000000000E+000  1.66401793144E+000 -2.74852596710E+000
1 2 110   4.16957429160E+001  4.86093139781E+001  0.00000000000E+000  1.69574291596E+000 -1.39068602192E+000
1 2 5   1.70182160382E+000  4.99862212723E+001  0.00000000000E+000  1.70182160382E+000 -1.37787276523E-002
1 3 1   1.80779674370E-033  1.52403328320E-033  0.00000000000E+000  1.80779674370E-033  1.52403328320E-033
